%   Freq/Hz         Power
 0.000000e+00  -3.149480e+01
 6.103516e-02  -3.048568e+01
 1.220703e-01  -3.071984e+01
 1.831055e-01  -3.029385e+01
 2.441406e-01  -3.028279e+01
 3.051758e-01  -3.011475e+01
 3.662109e-01  -2.997396e+01
 4.272461e-01  -3.009560e+01
 4.882812e-01  -3.016996e+01
 5.493164e-01  -3.033036e+01
 6.103516e-01  -3.015507e+01
 6.713867e-01  -2.997924e+01
 7.324219e-01  -3.022410e+01
 7.934570e-01  -3.016533e+01
 8.544922e-01  -3.005389e+01
 9.155273e-01  -2.999957e+01
 9.765625e-01  -2.994526e+01
 1.037598e+00  -3.015454e+01
 1.098633e+00  -3.008987e+01
 1.159668e+00  -2.997398e+01
 1.220703e+00  -2.993436e+01
 1.281738e+00  -2.971970e+01
 1.342773e+00  -2.984626e+01
 1.403809e+00  -2.986675e+01
 1.464844e+00  -2.977264e+01
 1.525879e+00  -2.988275e+01
 1.586914e+00  -3.007940e+01
 1.647949e+00  -3.018332e+01
 1.708984e+00  -3.020093e+01
 1.770020e+00  -2.991744e+01
 1.831055e+00  -2.970987e+01
 1.892090e+00  -2.955270e+01
 1.953125e+00  -2.936148e+01
 2.014160e+00  -2.950146e+01
 2.075195e+00  -2.967278e+01
 2.136230e+00  -2.969556e+01
 2.197266e+00  -2.954155e+01
 2.258301e+00  -2.950640e+01
 2.319336e+00  -2.939155e+01
 2.380371e+00  -2.949321e+01
 2.441406e+00  -2.928360e+01
 2.502441e+00  -2.950579e+01
 2.563477e+00  -2.896338e+01
 2.624512e+00  -2.918990e+01
 2.685547e+00  -2.910751e+01
 2.746582e+00  -2.884444e+01
 2.807617e+00  -2.893159e+01
 2.868652e+00  -2.884622e+01
 2.929688e+00  -2.872263e+01
 2.990723e+00  -2.872101e+01
 3.051758e+00  -2.882366e+01
 3.112793e+00  -2.841499e+01
 3.173828e+00  -2.852551e+01
 3.234863e+00  -2.851982e+01
 3.295898e+00  -2.833242e+01
 3.356934e+00  -2.825153e+01
 3.417969e+00  -2.838407e+01
 3.479004e+00  -2.824478e+01
 3.540039e+00  -2.834881e+01
 3.601074e+00  -2.810261e+01
 3.662109e+00  -2.806378e+01
 3.723145e+00  -2.796654e+01
 3.784180e+00  -2.784468e+01
 3.845215e+00  -2.778475e+01
 3.906250e+00  -2.767626e+01
 3.967285e+00  -2.735369e+01
 4.028320e+00  -2.768771e+01
 4.089355e+00  -2.769492e+01
 4.150391e+00  -2.731151e+01
 4.211426e+00  -2.690366e+01
 4.272461e+00  -2.705494e+01
 4.333496e+00  -2.700376e+01
 4.394531e+00  -2.702346e+01
 4.455566e+00  -2.693098e+01
 4.516602e+00  -2.697416e+01
 4.577637e+00  -2.654038e+01
 4.638672e+00  -2.633639e+01
 4.699707e+00  -2.632792e+01
 4.760742e+00  -2.632392e+01
 4.821777e+00  -2.647986e+01
 4.882812e+00  -2.644875e+01
 4.943848e+00  -2.610425e+01
 5.004883e+00  -2.624296e+01
 5.065918e+00  -2.602382e+01
 5.126953e+00  -2.597769e+01
 5.187988e+00  -2.612121e+01
 5.249023e+00  -2.600258e+01
 5.310059e+00  -2.534224e+01
 5.371094e+00  -2.553392e+01
 5.432129e+00  -2.551279e+01
 5.493164e+00  -2.526925e+01
 5.554199e+00  -2.533121e+01
 5.615234e+00  -2.485148e+01
 5.676270e+00  -2.471064e+01
 5.737305e+00  -2.498631e+01
 5.798340e+00  -2.458844e+01
 5.859375e+00  -2.451289e+01
 5.920410e+00  -2.416075e+01
 5.981445e+00  -2.441845e+01
 6.042480e+00  -2.432812e+01
 6.103516e+00  -2.452208e+01
 6.164551e+00  -2.403311e+01
 6.225586e+00  -2.394140e+01
 6.286621e+00  -2.368949e+01
 6.347656e+00  -2.370333e+01
 6.408691e+00  -2.379324e+01
 6.469727e+00  -2.353441e+01
 6.530762e+00  -2.305013e+01
 6.591797e+00  -2.300175e+01
 6.652832e+00  -2.298909e+01
 6.713867e+00  -2.275970e+01
 6.774902e+00  -2.269033e+01
 6.835938e+00  -2.285772e+01
 6.896973e+00  -2.225762e+01
 6.958008e+00  -2.217102e+01
 7.019043e+00  -2.204140e+01
 7.080078e+00  -2.164051e+01
 7.141113e+00  -2.192609e+01
 7.202148e+00  -2.165812e+01
 7.263184e+00  -2.155747e+01
 7.324219e+00  -2.124111e+01
 7.385254e+00  -2.072748e+01
 7.446289e+00  -2.087783e+01
 7.507324e+00  -2.031444e+01
 7.568359e+00  -2.030797e+01
 7.629395e+00  -2.005536e+01
 7.690430e+00  -1.952284e+01
 7.751465e+00  -1.935208e+01
 7.812500e+00  -1.921747e+01
 7.873535e+00  -1.916227e+01
 7.934570e+00  -1.826544e+01
 7.995605e+00  -1.823837e+01
 8.056641e+00  -1.838744e+01
 8.117676e+00  -1.838621e+01
 8.178711e+00  -1.822444e+01
 8.239746e+00  -1.790295e+01
 8.300781e+00  -1.775897e+01
 8.361816e+00  -1.655772e+01
 8.422852e+00  -1.422909e+01
 8.483887e+00  -1.608577e+01
 8.544922e+00  -1.650153e+01
 8.605957e+00  -1.552127e+01
 8.666992e+00  -1.749253e+01
 8.728027e+00  -1.602414e+01
 8.789062e+00  -1.723667e+01
 8.850098e+00  -1.700286e+01
 8.911133e+00  -1.681021e+01
 8.972168e+00  -1.631597e+01
 9.033203e+00  -1.601040e+01
 9.094238e+00  -1.589995e+01
 9.155273e+00  -1.409550e+01
 9.216309e+00  -1.394011e+01
 9.277344e+00  -1.414460e+01
 9.338379e+00  -1.371598e+01
 9.399414e+00  -1.320899e+01
 9.460449e+00  -1.185766e+01
 9.521484e+00  -1.115926e+01
 9.582520e+00  -1.093041e+01
 9.643555e+00  -9.650532e+00
 9.704590e+00  -9.327372e+00
 9.765625e+00  -8.189896e+00
 9.826660e+00  -8.248319e+00
 9.887695e+00  -7.294140e+00
 9.948730e+00  -7.180938e+00
 1.000977e+01  -6.580187e+00
 1.007080e+01  -6.503837e+00
 1.013184e+01  -6.119950e+00
 1.019287e+01  -5.813353e+00
 1.025391e+01  -4.997111e+00
 1.031494e+01  -5.046944e+00
 1.037598e+01  -4.900641e+00
 1.043701e+01  -3.585529e+00
 1.049805e+01  -4.081574e+00
 1.055908e+01  -3.403251e+00
 1.062012e+01  -3.572760e+00
 1.068115e+01  -3.092153e+00
 1.074219e+01  -2.941382e+00
 1.080322e+01  -2.367321e+00
 1.086426e+01  -3.092331e+00
 1.092529e+01  -2.487367e+00
 1.098633e+01  -3.143714e+00
 1.104736e+01  -2.870551e+00
 1.110840e+01  -2.294813e+00
 1.116943e+01  -2.038226e+00
 1.123047e+01  -2.299778e+00
 1.129150e+01  -1.976243e+00
 1.135254e+01  -2.146093e+00
 1.141357e+01  -1.538600e+00
 1.147461e+01  -2.757198e+00
 1.153564e+01  -2.288846e+00
 1.159668e+01  -2.367641e+00
 1.165771e+01  -1.834947e+00
 1.171875e+01  -1.926143e+00
 1.177979e+01  -2.196205e+00
 1.184082e+01  -1.832206e+00
 1.190186e+01  -2.612155e+00
 1.196289e+01  -2.258832e+00
 1.202393e+01  -2.031404e+00
 1.208496e+01  -2.109448e+00
 1.214600e+01  -2.372440e+00
 1.220703e+01  -2.111825e+00
 1.226807e+01  -1.566883e+00
 1.232910e+01  -2.230335e+00
 1.239014e+01  -1.862710e+00
 1.245117e+01  -2.144372e+00
 1.251221e+01  -2.158081e+00
 1.257324e+01  -1.746839e+00
 1.263428e+01  -1.933489e+00
 1.269531e+01  -1.616101e+00
 1.275635e+01  -2.345902e+00
 1.281738e+01  -1.926102e+00
 1.287842e+01  -2.385870e+00
 1.293945e+01  -2.098689e+00
 1.300049e+01  -1.935856e+00
 1.306152e+01  -1.893818e+00
 1.312256e+01  -1.634200e+00
 1.318359e+01  -1.934199e+00
 1.324463e+01  -1.659582e+00
 1.330566e+01  -1.307547e+00
 1.336670e+01  -1.764244e+00
 1.342773e+01  -1.856363e+00
 1.348877e+01  -1.289522e+00
 1.354980e+01  -1.718277e+00
 1.361084e+01  -1.018592e+00
 1.367188e+01  -9.563183e-01
 1.373291e+01  -1.447266e+00
 1.379395e+01  -1.134820e+00
 1.385498e+01  -1.290021e+00
 1.391602e+01  -9.906951e-01
 1.397705e+01  -1.244745e+00
 1.403809e+01  -1.328850e+00
 1.409912e+01  -9.692328e-01
 1.416016e+01  -1.139867e+00
 1.422119e+01  -9.369621e-01
 1.428223e+01  -1.913150e+00
 1.434326e+01  -1.740866e+00
 1.440430e+01  -1.430184e+00
 1.446533e+01  -1.525159e+00
 1.452637e+01  -2.095964e+00
 1.458740e+01  -1.623805e+00
 1.464844e+01  -1.680938e+00
 1.470947e+01  -1.807799e+00
 1.477051e+01  -1.615654e+00
 1.483154e+01  -5.242362e-01
 1.489258e+01  -1.633438e+00
 1.495361e+01  -9.728193e-01
 1.501465e+01  -1.194176e+00
 1.507568e+01  -1.636104e+00
 1.513672e+01  -8.853685e-01
 1.519775e+01  -8.563551e-01
 1.525879e+01  -1.314099e+00
 1.531982e+01  -1.052407e+00
 1.538086e+01  -1.185063e+00
 1.544189e+01  -9.849644e-01
 1.550293e+01  -9.197382e-01
 1.556396e+01  -1.238116e+00
 1.562500e+01  -8.816525e-01
 1.568604e+01  -1.539379e+00
 1.574707e+01  -6.293436e-01
 1.580811e+01  -6.982108e-01
 1.586914e+01  -1.078711e+00
 1.593018e+01  -1.220945e+00
 1.599121e+01  -3.532305e-01
 1.605225e+01  -1.447374e+00
 1.611328e+01  -1.274786e+00
 1.617432e+01  -5.286999e-01
 1.623535e+01  -1.059883e+00
 1.629639e+01  -1.471296e+00
 1.635742e+01  -1.415961e+00
 1.641846e+01  -1.012256e+00
 1.647949e+01  -1.096924e+00
 1.654053e+01  -1.266501e+00
 1.660156e+01  -1.290519e+00
 1.666260e+01  -9.279227e-01
 1.672363e+01  -1.129757e+00
 1.678467e+01  -8.992530e-01
 1.684570e+01  -7.768092e-01
 1.690674e+01  -8.978922e-01
 1.696777e+01  -1.025588e+00
 1.702881e+01  -1.071397e+00
 1.708984e+01  -5.033433e-01
 1.715088e+01  -3.915488e-01
 1.721191e+01  -8.614708e-01
 1.727295e+01  -6.665748e-01
 1.733398e+01  -5.135799e-01
 1.739502e+01  -7.112556e-01
 1.745605e+01  -6.397063e-01
 1.751709e+01  -7.736501e-01
 1.757812e+01  -4.773295e-01
 1.763916e+01  -4.156572e-01
 1.770020e+01  -7.388164e-01
 1.776123e+01  -4.870383e-01
 1.782227e+01  -7.051958e-01
 1.788330e+01  -9.783175e-01
 1.794434e+01  -5.108755e-01
 1.800537e+01  -3.418925e-01
 1.806641e+01  -8.137041e-01
 1.812744e+01  -7.294258e-01
 1.818848e+01  -7.999588e-01
 1.824951e+01  -6.719499e-01
 1.831055e+01  -4.841204e-01
 1.837158e+01  -1.467804e-01
 1.843262e+01  -8.060068e-01
 1.849365e+01  -2.681154e-01
 1.855469e+01  -5.348250e-01
 1.861572e+01  -6.032317e-01
 1.867676e+01  -6.166681e-01
 1.873779e+01  -4.176363e-01
 1.879883e+01  -6.278992e-01
 1.885986e+01  -8.954502e-01
 1.892090e+01  -7.918433e-01
 1.898193e+01  -3.808514e-01
 1.904297e+01  -5.364408e-01
 1.910400e+01  -4.543617e-01
 1.916504e+01  -6.661408e-01
 1.922607e+01  -4.938265e-01
 1.928711e+01  -8.709143e-01
 1.934814e+01  -8.100558e-02
 1.940918e+01  -4.133487e-01
 1.947021e+01  -4.844433e-01
 1.953125e+01  -4.041777e-01
 1.959229e+01  -5.866328e-01
 1.965332e+01  -2.540881e-01
 1.971436e+01  -6.795634e-01
 1.977539e+01  -4.169088e-01
 1.983643e+01  -2.554944e-01
 1.989746e+01  -4.351559e-01
 1.995850e+01  -4.644385e-01
 2.001953e+01  -4.351542e-01
 2.008057e+01  -4.579358e-01
 2.014160e+01  -4.989320e-01
 2.020264e+01  -4.975727e-01
 2.026367e+01  -5.331766e-01
 2.032471e+01  -2.283300e-01
 2.038574e+01  0.000000e+00
 2.044678e+01  -6.386328e-01
 2.050781e+01  -4.256370e-01
 2.056885e+01  -6.497318e-01
 2.062988e+01  -4.341626e-01
 2.069092e+01  -6.477647e-01
 2.075195e+01  -6.233014e-01
 2.081299e+01  -5.606331e-01
 2.087402e+01  -5.256416e-01
 2.093506e+01  -5.572868e-01
 2.099609e+01  -9.498712e-01
 2.105713e+01  -4.431985e-01
 2.111816e+01  -7.233599e-01
 2.117920e+01  -1.973550e-01
 2.124023e+01  -7.740888e-01
 2.130127e+01  -2.079642e-01
 2.136230e+01  -4.363982e-01
 2.142334e+01  -4.349259e-01
 2.148438e+01  -6.946477e-01
 2.154541e+01  -8.337230e-01
 2.160645e+01  -1.011459e+00
 2.166748e+01  -3.858481e-01
 2.172852e+01  -1.021087e+00
 2.178955e+01  -1.026082e+00
 2.185059e+01  -2.851170e-01
 2.191162e+01  -6.898729e-01
 2.197266e+01  -4.711717e-01
 2.203369e+01  -5.975899e-01
 2.209473e+01  -7.630572e-01
 2.215576e+01  -6.728190e-01
 2.221680e+01  -7.416106e-01
 2.227783e+01  -7.126505e-01
 2.233887e+01  -7.563189e-01
 2.239990e+01  -9.374963e-01
 2.246094e+01  -9.583951e-01
 2.252197e+01  -5.464004e-01
 2.258301e+01  -8.444183e-01
 2.264404e+01  -6.879013e-01
 2.270508e+01  -3.282196e-01
 2.276611e+01  -9.491542e-01
 2.282715e+01  -8.463812e-01
 2.288818e+01  -4.279974e-01
 2.294922e+01  -5.595040e-01
 2.301025e+01  -7.048219e-01
 2.307129e+01  -5.927023e-01
 2.313232e+01  -4.471236e-01
 2.319336e+01  -6.916600e-01
 2.325439e+01  -7.495487e-01
 2.331543e+01  -9.958184e-01
 2.337646e+01  -8.712015e-01
 2.343750e+01  -4.408762e-01
 2.349854e+01  -6.086662e-01
 2.355957e+01  -6.785089e-01
 2.362061e+01  -9.402514e-01
 2.368164e+01  -8.831670e-01
 2.374268e+01  -8.597971e-01
 2.380371e+01  -9.996264e-01
 2.386475e+01  -4.679980e-01
 2.392578e+01  -6.477436e-01
 2.398682e+01  -7.341689e-01
 2.404785e+01  -7.342741e-01
 2.410889e+01  -8.259926e-01
 2.416992e+01  -1.062316e+00
 2.423096e+01  -4.872089e-01
 2.429199e+01  -9.429880e-01
 2.435303e+01  -7.801578e-01
 2.441406e+01  -8.156539e-01
 2.447510e+01  -1.048791e+00
 2.453613e+01  -9.754089e-01
 2.459717e+01  -8.122246e-01
 2.465820e+01  -3.486032e-01
 2.471924e+01  -7.626214e-01
 2.478027e+01  -3.781688e-01
 2.484131e+01  -9.159632e-01
 2.490234e+01  -7.618949e-01
 2.496338e+01  -1.044460e+00
 2.502441e+01  -7.043464e-01
 2.508545e+01  -8.505121e-01
 2.514648e+01  -9.351122e-01
 2.520752e+01  -1.013475e+00
 2.526855e+01  -8.707713e-01
 2.532959e+01  -1.314027e+00
 2.539062e+01  -6.629682e-01
 2.545166e+01  -9.184083e-01
 2.551270e+01  -1.216655e+00
 2.557373e+01  -7.936662e-01
 2.563477e+01  -9.179944e-01
 2.569580e+01  -1.275777e+00
 2.575684e+01  -9.815279e-01
 2.581787e+01  -7.886230e-01
 2.587891e+01  -1.135450e+00
 2.593994e+01  -1.068114e+00
 2.600098e+01  -7.376806e-01
 2.606201e+01  -9.212404e-01
 2.612305e+01  -8.789089e-01
 2.618408e+01  -1.243412e+00
 2.624512e+01  -1.094931e+00
 2.630615e+01  -1.046096e+00
 2.636719e+01  -1.269416e+00
 2.642822e+01  -8.153344e-01
 2.648926e+01  -1.286182e+00
 2.655029e+01  -1.106918e+00
 2.661133e+01  -1.069864e+00
 2.667236e+01  -8.101375e-01
 2.673340e+01  -1.193976e+00
 2.679443e+01  -1.200585e+00
 2.685547e+01  -1.074160e+00
 2.691650e+01  -1.225259e+00
 2.697754e+01  -1.071361e+00
 2.703857e+01  -7.967986e-01
 2.709961e+01  -1.262363e+00
 2.716064e+01  -8.371546e-01
 2.722168e+01  -1.478450e+00
 2.728271e+01  -1.387431e+00
 2.734375e+01  -1.097130e+00
 2.740479e+01  -5.449296e-01
 2.746582e+01  -1.212575e+00
 2.752686e+01  -8.393362e-01
 2.758789e+01  -1.322381e+00
 2.764893e+01  -1.130832e+00
 2.770996e+01  -1.161451e+00
 2.777100e+01  -1.301381e+00
 2.783203e+01  -1.168125e+00
 2.789307e+01  -8.262459e-01
 2.795410e+01  -1.080683e+00
 2.801514e+01  -1.382475e+00
 2.807617e+01  -1.207085e+00
 2.813721e+01  -9.720664e-01
 2.819824e+01  -1.212320e+00
 2.825928e+01  -1.504458e+00
 2.832031e+01  -1.229013e+00
 2.838135e+01  -1.029900e+00
 2.844238e+01  -1.491583e+00
 2.850342e+01  -1.296884e+00
 2.856445e+01  -1.180047e+00
 2.862549e+01  -1.297394e+00
 2.868652e+01  -1.378237e+00
 2.874756e+01  -1.493116e+00
 2.880859e+01  -1.575730e+00
 2.886963e+01  -1.517215e+00
 2.893066e+01  -1.363834e+00
 2.899170e+01  -1.574692e+00
 2.905273e+01  -1.409922e+00
 2.911377e+01  -1.322076e+00
 2.917480e+01  -1.578365e+00
 2.923584e+01  -1.251430e+00
 2.929688e+01  -1.515514e+00
 2.935791e+01  -1.542650e+00
 2.941895e+01  -1.559000e+00
 2.947998e+01  -1.403670e+00
 2.954102e+01  -1.846156e+00
 2.960205e+01  -1.318275e+00
 2.966309e+01  -1.208860e+00
 2.972412e+01  -1.395171e+00
 2.978516e+01  -1.601761e+00
 2.984619e+01  -1.673477e+00
 2.990723e+01  -1.379980e+00
 2.996826e+01  -1.626258e+00
 3.002930e+01  -1.475974e+00
 3.009033e+01  -1.739312e+00
 3.015137e+01  -1.402272e+00
 3.021240e+01  -1.492975e+00
 3.027344e+01  -1.667993e+00
 3.033447e+01  -1.607628e+00
 3.039551e+01  -1.780628e+00
 3.045654e+01  -1.662169e+00
 3.051758e+01  -1.607541e+00
 3.057861e+01  -1.434726e+00
 3.063965e+01  -1.596855e+00
 3.070068e+01  -1.771892e+00
 3.076172e+01  -1.790231e+00
 3.082275e+01  -1.656220e+00
 3.088379e+01  -1.861856e+00
 3.094482e+01  -1.680467e+00
 3.100586e+01  -2.083348e+00
 3.106689e+01  -1.567291e+00
 3.112793e+01  -1.811466e+00
 3.118896e+01  -1.670419e+00
 3.125000e+01  -1.933785e+00
 3.131104e+01  -1.729462e+00
 3.137207e+01  -1.728369e+00
 3.143311e+01  -1.641684e+00
 3.149414e+01  -1.761624e+00
 3.155518e+01  -2.326424e+00
 3.161621e+01  -1.787759e+00
 3.167725e+01  -1.902522e+00
 3.173828e+01  -2.033051e+00
 3.179932e+01  -1.723687e+00
 3.186035e+01  -1.715395e+00
 3.192139e+01  -1.879498e+00
 3.198242e+01  -1.719953e+00
 3.204346e+01  -2.084223e+00
 3.210449e+01  -1.842279e+00
 3.216553e+01  -2.153306e+00
 3.222656e+01  -2.002865e+00
 3.228760e+01  -1.783956e+00
 3.234863e+01  -1.778386e+00
 3.240967e+01  -1.723243e+00
 3.247070e+01  -1.924239e+00
 3.253174e+01  -1.991480e+00
 3.259277e+01  -1.941471e+00
 3.265381e+01  -1.777058e+00
 3.271484e+01  -2.191196e+00
 3.277588e+01  -2.065081e+00
 3.283691e+01  -2.072421e+00
 3.289795e+01  -1.835190e+00
 3.295898e+01  -2.055756e+00
 3.302002e+01  -2.097142e+00
 3.308105e+01  -2.005934e+00
 3.314209e+01  -1.875005e+00
 3.320312e+01  -2.249453e+00
 3.326416e+01  -2.396488e+00
 3.332520e+01  -1.891679e+00
 3.338623e+01  -1.883582e+00
 3.344727e+01  -2.030080e+00
 3.350830e+01  -2.365150e+00
 3.356934e+01  -1.603435e+00
 3.363037e+01  -2.075629e+00
 3.369141e+01  -2.086127e+00
 3.375244e+01  -2.288627e+00
 3.381348e+01  -2.269027e+00
 3.387451e+01  -2.241941e+00
 3.393555e+01  -1.906738e+00
 3.399658e+01  -2.040467e+00
 3.405762e+01  -1.971599e+00
 3.411865e+01  -2.267007e+00
 3.417969e+01  -2.298240e+00
 3.424072e+01  -2.205509e+00
 3.430176e+01  -2.281003e+00
 3.436279e+01  -2.307961e+00
 3.442383e+01  -2.381186e+00
 3.448486e+01  -2.385692e+00
 3.454590e+01  -2.347608e+00
 3.460693e+01  -2.330979e+00
 3.466797e+01  -2.399395e+00
 3.472900e+01  -2.315696e+00
 3.479004e+01  -2.311177e+00
 3.485107e+01  -2.266636e+00
 3.491211e+01  -2.137924e+00
 3.497314e+01  -2.254426e+00
 3.503418e+01  -2.332406e+00
 3.509521e+01  -2.605676e+00
 3.515625e+01  -2.363976e+00
 3.521729e+01  -2.601538e+00
 3.527832e+01  -2.075493e+00
 3.533936e+01  -2.411591e+00
 3.540039e+01  -2.571632e+00
 3.546143e+01  -2.346842e+00
 3.552246e+01  -2.406691e+00
 3.558350e+01  -2.633251e+00
 3.564453e+01  -2.311420e+00
 3.570557e+01  -2.591267e+00
 3.576660e+01  -2.375004e+00
 3.582764e+01  -2.887092e+00
 3.588867e+01  -2.643906e+00
 3.594971e+01  -2.499193e+00
 3.601074e+01  -2.452078e+00
 3.607178e+01  -2.527143e+00
 3.613281e+01  -2.618917e+00
 3.619385e+01  -2.504988e+00
 3.625488e+01  -2.254910e+00
 3.631592e+01  -2.652535e+00
 3.637695e+01  -2.874377e+00
 3.643799e+01  -2.579561e+00
 3.649902e+01  -2.631155e+00
 3.656006e+01  -2.608629e+00
 3.662109e+01  -2.579979e+00
 3.668213e+01  -2.583912e+00
 3.674316e+01  -2.593009e+00
 3.680420e+01  -2.619408e+00
 3.686523e+01  -2.639357e+00
 3.692627e+01  -2.513613e+00
 3.698730e+01  -2.453599e+00
 3.704834e+01  -2.752976e+00
 3.710938e+01  -2.694339e+00
 3.717041e+01  -2.814989e+00
 3.723145e+01  -2.480324e+00
 3.729248e+01  -2.711953e+00
 3.735352e+01  -2.526088e+00
 3.741455e+01  -2.997863e+00
 3.747559e+01  -2.835301e+00
 3.753662e+01  -2.952081e+00
 3.759766e+01  -2.874682e+00
 3.765869e+01  -2.701107e+00
 3.771973e+01  -2.812221e+00
 3.778076e+01  -2.727746e+00
 3.784180e+01  -2.827304e+00
 3.790283e+01  -2.818363e+00
 3.796387e+01  -2.878111e+00
 3.802490e+01  -2.925677e+00
 3.808594e+01  -2.848175e+00
 3.814697e+01  -3.187356e+00
 3.820801e+01  -2.818071e+00
 3.826904e+01  -2.688559e+00
 3.833008e+01  -2.740535e+00
 3.839111e+01  -2.616835e+00
 3.845215e+01  -2.909222e+00
 3.851318e+01  -2.884492e+00
 3.857422e+01  -2.903417e+00
 3.863525e+01  -3.148230e+00
 3.869629e+01  -3.020670e+00
 3.875732e+01  -2.996944e+00
 3.881836e+01  -2.944147e+00
 3.887939e+01  -2.998767e+00
 3.894043e+01  -3.210003e+00
 3.900146e+01  -3.165910e+00
 3.906250e+01  -3.007188e+00
 3.912354e+01  -3.070097e+00
 3.918457e+01  -3.239802e+00
 3.924561e+01  -2.790059e+00
 3.930664e+01  -3.172599e+00
 3.936768e+01  -3.001206e+00
 3.942871e+01  -3.274679e+00
 3.948975e+01  -3.241005e+00
 3.955078e+01  -3.226932e+00
 3.961182e+01  -3.312112e+00
 3.967285e+01  -3.280306e+00
 3.973389e+01  -3.209729e+00
 3.979492e+01  -3.398995e+00
 3.985596e+01  -3.100236e+00
 3.991699e+01  -3.580844e+00
 3.997803e+01  -3.457880e+00
 4.003906e+01  -3.398543e+00
 4.010010e+01  -3.463998e+00
 4.016113e+01  -3.254022e+00
 4.022217e+01  -3.493062e+00
 4.028320e+01  -3.370296e+00
 4.034424e+01  -3.608038e+00
 4.040527e+01  -3.434654e+00
 4.046631e+01  -3.386705e+00
 4.052734e+01  -3.491571e+00
 4.058838e+01  -3.442095e+00
 4.064941e+01  -3.251333e+00
 4.071045e+01  -3.301003e+00
 4.077148e+01  -3.704937e+00
 4.083252e+01  -3.562576e+00
 4.089355e+01  -3.466306e+00
 4.095459e+01  -3.649609e+00
 4.101562e+01  -3.415678e+00
 4.107666e+01  -3.537559e+00
 4.113770e+01  -3.644026e+00
 4.119873e+01  -3.604885e+00
 4.125977e+01  -3.443649e+00
 4.132080e+01  -3.761705e+00
 4.138184e+01  -3.553452e+00
 4.144287e+01  -3.662248e+00
 4.150391e+01  -3.500506e+00
 4.156494e+01  -3.669623e+00
 4.162598e+01  -3.436537e+00
 4.168701e+01  -3.707618e+00
 4.174805e+01  -3.651811e+00
 4.180908e+01  -3.534505e+00
 4.187012e+01  -3.546818e+00
 4.193115e+01  -3.348642e+00
 4.199219e+01  -3.682966e+00
 4.205322e+01  -3.403490e+00
 4.211426e+01  -3.674647e+00
 4.217529e+01  -3.582011e+00
 4.223633e+01  -3.473842e+00
 4.229736e+01  -3.537332e+00
 4.235840e+01  -3.817101e+00
 4.241943e+01  -3.760929e+00
 4.248047e+01  -3.671315e+00
 4.254150e+01  -3.835766e+00
 4.260254e+01  -4.120654e+00
 4.266357e+01  -3.981203e+00
 4.272461e+01  -3.810703e+00
 4.278564e+01  -3.966856e+00
 4.284668e+01  -3.857946e+00
 4.290771e+01  -4.036727e+00
 4.296875e+01  -3.982960e+00
 4.302979e+01  -3.892287e+00
 4.309082e+01  -4.177058e+00
 4.315186e+01  -4.185852e+00
 4.321289e+01  -4.219431e+00
 4.327393e+01  -4.269335e+00
 4.333496e+01  -4.176915e+00
 4.339600e+01  -4.100375e+00
 4.345703e+01  -4.064620e+00
 4.351807e+01  -4.102030e+00
 4.357910e+01  -4.235796e+00
 4.364014e+01  -4.273585e+00
 4.370117e+01  -4.250410e+00
 4.376221e+01  -4.316626e+00
 4.382324e+01  -4.384887e+00
 4.388428e+01  -4.153318e+00
 4.394531e+01  -4.329368e+00
 4.400635e+01  -4.551633e+00
 4.406738e+01  -4.304309e+00
 4.412842e+01  -4.502738e+00
 4.418945e+01  -4.350363e+00
 4.425049e+01  -4.362881e+00
 4.431152e+01  -4.479728e+00
 4.437256e+01  -4.346842e+00
 4.443359e+01  -4.332909e+00
 4.449463e+01  -4.373392e+00
 4.455566e+01  -4.465881e+00
 4.461670e+01  -4.608675e+00
 4.467773e+01  -4.267499e+00
 4.473877e+01  -4.322762e+00
 4.479980e+01  -4.661054e+00
 4.486084e+01  -4.431476e+00
 4.492188e+01  -4.365602e+00
 4.498291e+01  -4.713901e+00
 4.504395e+01  -4.646239e+00
 4.510498e+01  -4.558834e+00
 4.516602e+01  -4.643771e+00
 4.522705e+01  -4.660370e+00
 4.528809e+01  -4.619545e+00
 4.534912e+01  -4.491667e+00
 4.541016e+01  -4.556522e+00
 4.547119e+01  -4.663947e+00
 4.553223e+01  -4.633787e+00
 4.559326e+01  -4.823665e+00
 4.565430e+01  -4.920094e+00
 4.571533e+01  -4.772007e+00
 4.577637e+01  -4.881797e+00
 4.583740e+01  -4.826050e+00
 4.589844e+01  -4.417593e+00
 4.595947e+01  -4.800158e+00
 4.602051e+01  -5.190682e+00
 4.608154e+01  -4.924669e+00
 4.614258e+01  -4.867065e+00
 4.620361e+01  -5.358311e+00
 4.626465e+01  -5.097517e+00
 4.632568e+01  -5.049555e+00
 4.638672e+01  -5.473981e+00
 4.644775e+01  -5.142211e+00
 4.650879e+01  -5.465504e+00
 4.656982e+01  -5.135794e+00
 4.663086e+01  -5.302674e+00
 4.669189e+01  -5.297884e+00
 4.675293e+01  -5.330291e+00
 4.681396e+01  -5.470107e+00
 4.687500e+01  -5.128609e+00
 4.693604e+01  -5.384578e+00
 4.699707e+01  -5.255312e+00
 4.705811e+01  -5.241938e+00
 4.711914e+01  -5.223570e+00
 4.718018e+01  -5.129554e+00
 4.724121e+01  -5.392869e+00
 4.730225e+01  -5.448830e+00
 4.736328e+01  -5.136783e+00
 4.742432e+01  -5.317411e+00
 4.748535e+01  -5.231412e+00
 4.754639e+01  -5.357006e+00
 4.760742e+01  -5.205247e+00
 4.766846e+01  -5.179149e+00
 4.772949e+01  -5.429149e+00
 4.779053e+01  -5.318465e+00
 4.785156e+01  -5.523467e+00
 4.791260e+01  -5.226244e+00
 4.797363e+01  -5.304034e+00
 4.803467e+01  -5.641127e+00
 4.809570e+01  -5.364361e+00
 4.815674e+01  -5.197861e+00
 4.821777e+01  -5.676623e+00
 4.827881e+01  -5.797152e+00
 4.833984e+01  -5.856586e+00
 4.840088e+01  -5.888544e+00
 4.846191e+01  -6.017610e+00
 4.852295e+01  -6.119205e+00
 4.858398e+01  -5.960774e+00
 4.864502e+01  -6.141811e+00
 4.870605e+01  -6.307480e+00
 4.876709e+01  -6.399808e+00
 4.882812e+01  -6.667789e+00
 4.888916e+01  -6.960221e+00
 4.895020e+01  -6.772859e+00
 4.901123e+01  -7.080793e+00
 4.907227e+01  -7.054576e+00
 4.913330e+01  -7.615907e+00
 4.919434e+01  -7.616277e+00
 4.925537e+01  -7.240879e+00
 4.931641e+01  -7.683144e+00
 4.937744e+01  -7.706790e+00
 4.943848e+01  -7.588979e+00
 4.949951e+01  -7.890991e+00
 4.956055e+01  -7.609364e+00
 4.962158e+01  -7.873221e+00
 4.968262e+01  -7.842591e+00
 4.974365e+01  -7.431542e+00
 4.980469e+01  -7.047873e+00
 4.986572e+01  -6.147293e+00
 4.992676e+01  -3.578383e+00
 4.998779e+01  -1.413814e+00
 5.004883e+01  -4.352907e+00
 5.010986e+01  -6.779861e+00
 5.017090e+01  -7.990095e+00
 5.023193e+01  -8.381381e+00
 5.029297e+01  -8.503411e+00
 5.035400e+01  -8.611656e+00
 5.041504e+01  -8.397750e+00
 5.047607e+01  -8.520761e+00
 5.053711e+01  -8.545154e+00
 5.059814e+01  -7.911735e+00
 5.065918e+01  -8.188062e+00
 5.072021e+01  -7.997375e+00
 5.078125e+01  -8.096986e+00
 5.084229e+01  -8.040449e+00
 5.090332e+01  -7.788661e+00
 5.096436e+01  -7.654453e+00
 5.102539e+01  -7.730365e+00
 5.108643e+01  -7.318344e+00
 5.114746e+01  -7.448109e+00
 5.120850e+01  -7.398500e+00
 5.126953e+01  -7.215744e+00
 5.133057e+01  -7.226562e+00
 5.139160e+01  -7.267032e+00
 5.145264e+01  -7.236785e+00
 5.151367e+01  -7.234096e+00
 5.157471e+01  -7.419642e+00
 5.163574e+01  -7.042771e+00
 5.169678e+01  -7.134192e+00
 5.175781e+01  -7.304936e+00
 5.181885e+01  -7.298992e+00
 5.187988e+01  -7.125608e+00
 5.194092e+01  -7.170198e+00
 5.200195e+01  -6.841947e+00
 5.206299e+01  -7.071157e+00
 5.212402e+01  -7.063051e+00
 5.218506e+01  -7.064774e+00
 5.224609e+01  -7.385669e+00
 5.230713e+01  -7.192568e+00
 5.236816e+01  -7.265939e+00
 5.242920e+01  -7.555527e+00
 5.249023e+01  -7.150535e+00
 5.255127e+01  -6.992378e+00
 5.261230e+01  -7.376929e+00
 5.267334e+01  -7.723604e+00
 5.273438e+01  -7.589908e+00
 5.279541e+01  -7.912781e+00
 5.285645e+01  -7.596736e+00
 5.291748e+01  -7.556584e+00
 5.297852e+01  -7.871769e+00
 5.303955e+01  -7.947309e+00
 5.310059e+01  -8.158157e+00
 5.316162e+01  -7.866035e+00
 5.322266e+01  -8.172641e+00
 5.328369e+01  -8.181907e+00
 5.334473e+01  -8.087696e+00
 5.340576e+01  -8.282555e+00
 5.346680e+01  -8.280884e+00
 5.352783e+01  -8.479662e+00
 5.358887e+01  -8.417690e+00
 5.364990e+01  -8.188003e+00
 5.371094e+01  -8.207618e+00
 5.377197e+01  -8.336830e+00
 5.383301e+01  -8.296391e+00
 5.389404e+01  -8.389837e+00
 5.395508e+01  -8.567885e+00
 5.401611e+01  -8.605462e+00
 5.407715e+01  -8.673129e+00
 5.413818e+01  -8.618221e+00
 5.419922e+01  -8.525071e+00
 5.426025e+01  -8.107837e+00
 5.432129e+01  -8.375360e+00
 5.438232e+01  -8.816483e+00
 5.444336e+01  -8.845350e+00
 5.450439e+01  -8.715528e+00
 5.456543e+01  -8.761973e+00
 5.462646e+01  -8.361742e+00
 5.468750e+01  -8.421715e+00
 5.474854e+01  -8.620605e+00
 5.480957e+01  -8.807142e+00
 5.487061e+01  -8.682028e+00
 5.493164e+01  -8.763467e+00
 5.499268e+01  -8.758106e+00
 5.505371e+01  -8.680384e+00
 5.511475e+01  -8.843550e+00
 5.517578e+01  -8.854693e+00
 5.523682e+01  -9.111765e+00
 5.529785e+01  -8.900793e+00
 5.535889e+01  -9.025601e+00
 5.541992e+01  -9.084884e+00
 5.548096e+01  -9.307554e+00
 5.554199e+01  -9.263649e+00
 5.560303e+01  -9.353567e+00
 5.566406e+01  -9.254380e+00
 5.572510e+01  -9.312510e+00
 5.578613e+01  -9.213289e+00
 5.584717e+01  -9.217284e+00
 5.590820e+01  -9.148733e+00
 5.596924e+01  -9.274395e+00
 5.603027e+01  -9.711817e+00
 5.609131e+01  -9.471589e+00
 5.615234e+01  -9.468194e+00
 5.621338e+01  -9.627987e+00
 5.627441e+01  -9.591078e+00
 5.633545e+01  -9.614515e+00
 5.639648e+01  -9.738124e+00
 5.645752e+01  -9.617336e+00
 5.651855e+01  -9.799196e+00
 5.657959e+01  -9.742511e+00
 5.664062e+01  -9.712856e+00
 5.670166e+01  -1.001073e+01
 5.676270e+01  -9.658834e+00
 5.682373e+01  -9.702849e+00
 5.688477e+01  -9.820650e+00
 5.694580e+01  -1.018021e+01
 5.700684e+01  -9.915857e+00
 5.706787e+01  -9.777987e+00
 5.712891e+01  -1.002504e+01
 5.718994e+01  -1.029675e+01
 5.725098e+01  -9.825448e+00
 5.731201e+01  -9.902279e+00
 5.737305e+01  -1.025567e+01
 5.743408e+01  -1.030389e+01
 5.749512e+01  -9.694124e+00
 5.755615e+01  -1.018121e+01
 5.761719e+01  -1.014839e+01
 5.767822e+01  -1.015298e+01
 5.773926e+01  -9.505092e+00
 5.780029e+01  -1.000866e+01
 5.786133e+01  -1.042392e+01
 5.792236e+01  -1.032554e+01
 5.798340e+01  -1.032226e+01
 5.804443e+01  -1.064069e+01
 5.810547e+01  -1.058250e+01
 5.816650e+01  -1.044270e+01
 5.822754e+01  -1.016310e+01
 5.828857e+01  -1.054887e+01
 5.834961e+01  -1.061263e+01
 5.841064e+01  -1.029482e+01
 5.847168e+01  -1.034074e+01
 5.853271e+01  -1.061996e+01
 5.859375e+01  -1.080601e+01
 5.865479e+01  -1.091389e+01
 5.871582e+01  -1.081227e+01
 5.877686e+01  -1.093578e+01
 5.883789e+01  -1.075332e+01
 5.889893e+01  -1.017295e+01
 5.895996e+01  -1.039396e+01
 5.902100e+01  -1.094379e+01
 5.908203e+01  -1.088493e+01
 5.914307e+01  -1.061047e+01
 5.920410e+01  -1.059640e+01
 5.926514e+01  -1.099347e+01
 5.932617e+01  -1.129347e+01
 5.938721e+01  -1.117150e+01
 5.944824e+01  -1.109338e+01
 5.950928e+01  -1.092418e+01
 5.957031e+01  -1.125651e+01
 5.963135e+01  -1.083551e+01
 5.969238e+01  -1.059877e+01
 5.975342e+01  -1.081743e+01
 5.981445e+01  -1.120480e+01
 5.987549e+01  -1.141394e+01
 5.993652e+01  -1.084039e+01
 5.999756e+01  -1.123993e+01
 6.005859e+01  -1.140416e+01
 6.011963e+01  -1.149303e+01
 6.018066e+01  -1.132404e+01
 6.024170e+01  -1.129075e+01
 6.030273e+01  -1.180856e+01
 6.036377e+01  -1.186708e+01
 6.042480e+01  -1.181226e+01
 6.048584e+01  -1.143666e+01
 6.054688e+01  -1.174576e+01
 6.060791e+01  -1.216147e+01
 6.066895e+01  -1.222954e+01
 6.072998e+01  -1.202447e+01
 6.079102e+01  -1.259676e+01
 6.085205e+01  -1.290985e+01
 6.091309e+01  -1.313709e+01
 6.097412e+01  -1.342145e+01
 6.103516e+01  -1.360392e+01
 6.109619e+01  -1.407363e+01
 6.115723e+01  -1.419302e+01
 6.121826e+01  -1.435184e+01
 6.127930e+01  -1.477702e+01
 6.134033e+01  -1.484091e+01
 6.140137e+01  -1.594195e+01
 6.146240e+01  -1.617814e+01
 6.152344e+01  -1.588138e+01
 6.158447e+01  -1.661058e+01
 6.164551e+01  -1.718538e+01
 6.170654e+01  -1.629830e+01
 6.176758e+01  -1.751948e+01
 6.182861e+01  -1.806007e+01
 6.188965e+01  -1.864139e+01
 6.195068e+01  -1.855940e+01
 6.201172e+01  -1.891236e+01
 6.207275e+01  -1.797417e+01
 6.213379e+01  -1.877781e+01
 6.219482e+01  -1.655479e+01
 6.225586e+01  -1.999059e+01
 6.231689e+01  -2.067051e+01
 6.237793e+01  -1.765323e+01
 6.243896e+01  -1.964876e+01
 6.250000e+01  -1.751266e+01
 6.256104e+01  -2.006811e+01
 6.262207e+01  -2.006911e+01
 6.268311e+01  -1.959999e+01
 6.274414e+01  -1.942952e+01
 6.280518e+01  -1.876731e+01
 6.286621e+01  -2.156139e+01
 6.292725e+01  -1.932767e+01
 6.298828e+01  -2.176738e+01
 6.304932e+01  -2.248050e+01
 6.311035e+01  -2.199858e+01
 6.317139e+01  -2.297173e+01
 6.323242e+01  -2.257858e+01
 6.329346e+01  -2.263972e+01
 6.335449e+01  -2.350045e+01
 6.341553e+01  -2.334344e+01
 6.347656e+01  -2.436890e+01
 6.353760e+01  -2.351696e+01
 6.359863e+01  -2.258540e+01
 6.365967e+01  -2.237827e+01
 6.372070e+01  -2.307506e+01
 6.378174e+01  -2.459169e+01
 6.384277e+01  -2.456639e+01
 6.390381e+01  -2.470551e+01
 6.396484e+01  -2.345625e+01
 6.402588e+01  -2.328877e+01
 6.408691e+01  -2.430757e+01
 6.414795e+01  -2.525524e+01
 6.420898e+01  -2.561709e+01
 6.427002e+01  -2.264013e+01
 6.433105e+01  -2.271008e+01
 6.439209e+01  -2.383320e+01
 6.445312e+01  -2.622700e+01
 6.451416e+01  -2.687422e+01
 6.457520e+01  -2.712441e+01
 6.463623e+01  -2.717905e+01
 6.469727e+01  -2.679402e+01
 6.475830e+01  -2.648355e+01
 6.481934e+01  -2.697964e+01
 6.488037e+01  -2.779521e+01
 6.494141e+01  -2.768643e+01
 6.500244e+01  -2.728463e+01
 6.506348e+01  -2.739687e+01
 6.512451e+01  -2.790879e+01
 6.518555e+01  -2.800176e+01
 6.524658e+01  -2.781575e+01
 6.530762e+01  -2.861154e+01
 6.536865e+01  -2.881579e+01
 6.542969e+01  -2.865905e+01
 6.549072e+01  -2.790321e+01
 6.555176e+01  -2.885910e+01
 6.561279e+01  -2.918525e+01
 6.567383e+01  -2.945732e+01
 6.573486e+01  -2.941660e+01
 6.579590e+01  -2.931221e+01
 6.585693e+01  -2.931673e+01
 6.591797e+01  -2.938022e+01
 6.597900e+01  -2.995475e+01
 6.604004e+01  -3.016549e+01
 6.610107e+01  -2.986414e+01
 6.616211e+01  -2.963362e+01
 6.622314e+01  -2.976584e+01
 6.628418e+01  -3.047168e+01
 6.634521e+01  -3.050938e+01
 6.640625e+01  -3.042471e+01
 6.646729e+01  -3.010189e+01
 6.652832e+01  -3.046347e+01
 6.658936e+01  -3.078881e+01
 6.665039e+01  -3.081899e+01
 6.671143e+01  -3.083986e+01
 6.677246e+01  -3.091897e+01
 6.683350e+01  -3.103709e+01
 6.689453e+01  -3.071097e+01
 6.695557e+01  -3.096057e+01
 6.701660e+01  -3.082336e+01
 6.707764e+01  -3.116314e+01
 6.713867e+01  -3.125277e+01
 6.719971e+01  -3.126732e+01
 6.726074e+01  -3.132329e+01
 6.732178e+01  -3.131840e+01
 6.738281e+01  -3.148926e+01
 6.744385e+01  -3.168777e+01
 6.750488e+01  -3.169318e+01
 6.756592e+01  -3.135807e+01
 6.762695e+01  -3.200079e+01
 6.768799e+01  -3.191977e+01
 6.774902e+01  -3.140807e+01
 6.781006e+01  -3.174479e+01
 6.787109e+01  -3.214664e+01
 6.793213e+01  -3.200440e+01
 6.799316e+01  -3.171923e+01
 6.805420e+01  -3.179478e+01
 6.811523e+01  -3.233307e+01
 6.817627e+01  -3.224778e+01
 6.823730e+01  -3.251644e+01
 6.829834e+01  -3.235802e+01
 6.835938e+01  -3.247982e+01
 6.842041e+01  -3.269934e+01
 6.848145e+01  -3.272802e+01
 6.854248e+01  -3.259081e+01
 6.860352e+01  -3.264622e+01
 6.866455e+01  -3.274849e+01
 6.872559e+01  -3.273503e+01
 6.878662e+01  -3.282919e+01
 6.884766e+01  -3.292007e+01
 6.890869e+01  -3.296321e+01
 6.896973e+01  -3.295438e+01
 6.903076e+01  -3.304459e+01
 6.909180e+01  -3.295167e+01
 6.915283e+01  -3.291745e+01
 6.921387e+01  -3.309755e+01
 6.927490e+01  -3.302438e+01
 6.933594e+01  -3.305209e+01
 6.939697e+01  -3.304950e+01
 6.945801e+01  -3.287004e+01
 6.951904e+01  -3.251411e+01
 6.958008e+01  -3.262467e+01
 6.964111e+01  -3.236699e+01
 6.970215e+01  -3.205272e+01
 6.976318e+01  -3.198784e+01
 6.982422e+01  -3.162617e+01
 6.988525e+01  -3.153256e+01
 6.994629e+01  -3.098039e+01
 7.000732e+01  -2.986792e+01
 7.006836e+01  -3.218671e+01
 7.012939e+01  -3.310008e+01
 7.019043e+01  -3.381649e+01
 7.025146e+01  -3.430998e+01
 7.031250e+01  -3.463690e+01
 7.037354e+01  -3.489467e+01
 7.043457e+01  -3.500913e+01
 7.049561e+01  -3.521136e+01
 7.055664e+01  -3.526225e+01
 7.061768e+01  -3.555820e+01
 7.067871e+01  -3.570005e+01
 7.073975e+01  -3.587349e+01
 7.080078e+01  -3.600203e+01
 7.086182e+01  -3.600362e+01
 7.092285e+01  -3.601712e+01
 7.098389e+01  -3.632199e+01
 7.104492e+01  -3.618428e+01
 7.110596e+01  -3.637256e+01
 7.116699e+01  -3.654499e+01
 7.122803e+01  -3.654999e+01
 7.128906e+01  -3.675235e+01
 7.135010e+01  -3.685706e+01
 7.141113e+01  -3.690626e+01
 7.147217e+01  -3.689808e+01
 7.153320e+01  -3.707805e+01
 7.159424e+01  -3.721497e+01
 7.165527e+01  -3.715587e+01
 7.171631e+01  -3.731502e+01
 7.177734e+01  -3.744444e+01
 7.183838e+01  -3.751019e+01
 7.189941e+01  -3.736222e+01
 7.196045e+01  -3.733397e+01
 7.202148e+01  -3.740570e+01
 7.208252e+01  -3.744844e+01
 7.214355e+01  -3.735986e+01
 7.220459e+01  -3.768005e+01
 7.226562e+01  -3.765762e+01
 7.232666e+01  -3.762649e+01
 7.238770e+01  -3.778349e+01
 7.244873e+01  -3.782267e+01
 7.250977e+01  -3.792461e+01
 7.257080e+01  -3.789777e+01
 7.263184e+01  -3.803904e+01
 7.269287e+01  -3.806569e+01
 7.275391e+01  -3.823946e+01
 7.281494e+01  -3.818619e+01
 7.287598e+01  -3.808524e+01
 7.293701e+01  -3.799761e+01
 7.299805e+01  -3.811591e+01
 7.305908e+01  -3.818668e+01
 7.312012e+01  -3.814819e+01
 7.318115e+01  -3.819714e+01
 7.324219e+01  -3.853003e+01
 7.330322e+01  -3.825997e+01
 7.336426e+01  -3.823660e+01
 7.342529e+01  -3.849233e+01
 7.348633e+01  -3.861617e+01
 7.354736e+01  -3.841346e+01
 7.360840e+01  -3.847635e+01
 7.366943e+01  -3.855146e+01
 7.373047e+01  -3.868576e+01
 7.379150e+01  -3.861595e+01
 7.385254e+01  -3.879794e+01
 7.391357e+01  -3.864677e+01
 7.397461e+01  -3.883833e+01
 7.403564e+01  -3.883466e+01
 7.409668e+01  -3.885909e+01
 7.415771e+01  -3.913947e+01
 7.421875e+01  -3.888660e+01
 7.427979e+01  -3.893437e+01
 7.434082e+01  -3.904470e+01
 7.440186e+01  -3.913921e+01
 7.446289e+01  -3.904303e+01
 7.452393e+01  -3.922979e+01
 7.458496e+01  -3.923253e+01
 7.464600e+01  -3.909000e+01
 7.470703e+01  -3.937755e+01
 7.476807e+01  -3.920065e+01
 7.482910e+01  -3.939371e+01
 7.489014e+01  -3.957544e+01
 7.495117e+01  -3.953557e+01
 7.501221e+01  -3.939286e+01
 7.507324e+01  -3.948003e+01
 7.513428e+01  -3.948505e+01
 7.519531e+01  -3.972874e+01
 7.525635e+01  -3.958515e+01
 7.531738e+01  -3.947221e+01
 7.537842e+01  -3.965999e+01
 7.543945e+01  -3.972791e+01
 7.550049e+01  -3.965336e+01
 7.556152e+01  -3.962229e+01
 7.562256e+01  -3.975192e+01
 7.568359e+01  -3.969401e+01
 7.574463e+01  -3.957224e+01
 7.580566e+01  -3.969354e+01
 7.586670e+01  -3.970348e+01
 7.592773e+01  -3.983981e+01
 7.598877e+01  -3.988655e+01
 7.604980e+01  -3.977261e+01
 7.611084e+01  -4.002927e+01
 7.617188e+01  -4.003204e+01
 7.623291e+01  -3.984740e+01
 7.629395e+01  -4.018024e+01
 7.635498e+01  -4.022475e+01
 7.641602e+01  -4.027995e+01
 7.647705e+01  -4.023791e+01
 7.653809e+01  -4.023509e+01
 7.659912e+01  -4.016692e+01
 7.666016e+01  -4.006515e+01
 7.672119e+01  -4.027805e+01
 7.678223e+01  -4.014364e+01
 7.684326e+01  -4.040304e+01
 7.690430e+01  -4.034446e+01
 7.696533e+01  -4.026387e+01
 7.702637e+01  -4.018446e+01
 7.708740e+01  -4.034868e+01
 7.714844e+01  -4.019346e+01
 7.720947e+01  -4.036929e+01
 7.727051e+01  -4.024654e+01
 7.733154e+01  -4.029147e+01
 7.739258e+01  -4.036399e+01
 7.745361e+01  -4.040016e+01
 7.751465e+01  -4.029766e+01
 7.757568e+01  -4.028679e+01
 7.763672e+01  -4.052923e+01
 7.769775e+01  -4.052075e+01
 7.775879e+01  -4.045804e+01
 7.781982e+01  -4.057049e+01
 7.788086e+01  -4.062469e+01
 7.794189e+01  -4.041225e+01
 7.800293e+01  -4.065858e+01
 7.806396e+01  -4.087846e+01
 7.812500e+01  -4.066466e+01
 7.818604e+01  -4.067263e+01
 7.824707e+01  -4.074671e+01
 7.830811e+01  -4.081482e+01
 7.836914e+01  -4.092419e+01
 7.843018e+01  -4.096082e+01
 7.849121e+01  -4.081043e+01
 7.855225e+01  -4.071310e+01
 7.861328e+01  -4.087082e+01
 7.867432e+01  -4.083464e+01
 7.873535e+01  -4.081623e+01
 7.879639e+01  -4.081317e+01
 7.885742e+01  -4.068031e+01
 7.891846e+01  -4.076379e+01
 7.897949e+01  -4.081970e+01
 7.904053e+01  -4.092982e+01
 7.910156e+01  -4.099942e+01
 7.916260e+01  -4.106113e+01
 7.922363e+01  -4.098791e+01
 7.928467e+01  -4.086287e+01
 7.934570e+01  -4.097716e+01
 7.940674e+01  -4.080102e+01
 7.946777e+01  -4.086315e+01
 7.952881e+01  -4.113934e+01
 7.958984e+01  -4.096054e+01
 7.965088e+01  -4.111714e+01
 7.971191e+01  -4.122489e+01
 7.977295e+01  -4.123381e+01
 7.983398e+01  -4.117522e+01
 7.989502e+01  -4.116167e+01
 7.995605e+01  -4.139571e+01
 8.001709e+01  -4.122101e+01
 8.007812e+01  -4.151415e+01
 8.013916e+01  -4.154567e+01
 8.020020e+01  -4.146794e+01
 8.026123e+01  -4.153343e+01
 8.032227e+01  -4.163737e+01
 8.038330e+01  -4.150947e+01
 8.044434e+01  -4.143954e+01
 8.050537e+01  -4.159117e+01
 8.056641e+01  -4.144465e+01
 8.062744e+01  -4.154983e+01
 8.068848e+01  -4.142761e+01
 8.074951e+01  -4.159266e+01
 8.081055e+01  -4.158773e+01
 8.087158e+01  -4.168060e+01
 8.093262e+01  -4.170538e+01
 8.099365e+01  -4.188076e+01
 8.105469e+01  -4.161531e+01
 8.111572e+01  -4.162708e+01
 8.117676e+01  -4.164931e+01
 8.123779e+01  -4.184140e+01
 8.129883e+01  -4.181802e+01
 8.135986e+01  -4.185227e+01
 8.142090e+01  -4.173886e+01
 8.148193e+01  -4.182735e+01
 8.154297e+01  -4.195602e+01
 8.160400e+01  -4.180599e+01
 8.166504e+01  -4.207632e+01
 8.172607e+01  -4.199067e+01
 8.178711e+01  -4.197788e+01
 8.184814e+01  -4.196673e+01
 8.190918e+01  -4.216994e+01
 8.197021e+01  -4.209381e+01
 8.203125e+01  -4.196367e+01
 8.209229e+01  -4.208852e+01
 8.215332e+01  -4.201489e+01
 8.221436e+01  -4.205948e+01
 8.227539e+01  -4.225410e+01
 8.233643e+01  -4.233043e+01
 8.239746e+01  -4.207698e+01
 8.245850e+01  -4.220999e+01
 8.251953e+01  -4.211423e+01
 8.258057e+01  -4.230385e+01
 8.264160e+01  -4.235359e+01
 8.270264e+01  -4.217304e+01
 8.276367e+01  -4.223046e+01
 8.282471e+01  -4.217061e+01
 8.288574e+01  -4.247828e+01
 8.294678e+01  -4.245203e+01
 8.300781e+01  -4.243583e+01
 8.306885e+01  -4.244926e+01
 8.312988e+01  -4.237075e+01
 8.319092e+01  -4.245616e+01
 8.325195e+01  -4.256129e+01
 8.331299e+01  -4.260369e+01
 8.337402e+01  -4.254299e+01
 8.343506e+01  -4.258923e+01
 8.349609e+01  -4.264831e+01
 8.355713e+01  -4.270992e+01
 8.361816e+01  -4.261887e+01
 8.367920e+01  -4.268487e+01
 8.374023e+01  -4.271049e+01
 8.380127e+01  -4.274221e+01
 8.386230e+01  -4.266951e+01
 8.392334e+01  -4.256458e+01
 8.398438e+01  -4.267405e+01
 8.404541e+01  -4.259518e+01
 8.410645e+01  -4.258474e+01
 8.416748e+01  -4.242200e+01
 8.422852e+01  -4.269297e+01
 8.428955e+01  -4.269621e+01
 8.435059e+01  -4.263458e+01
 8.441162e+01  -4.276615e+01
 8.447266e+01  -4.267283e+01
 8.453369e+01  -4.277644e+01
 8.459473e+01  -4.277645e+01
 8.465576e+01  -4.274494e+01
 8.471680e+01  -4.276530e+01
 8.477783e+01  -4.280720e+01
 8.483887e+01  -4.281768e+01
 8.489990e+01  -4.284622e+01
 8.496094e+01  -4.293604e+01
 8.502197e+01  -4.292234e+01
 8.508301e+01  -4.293666e+01
 8.514404e+01  -4.306203e+01
 8.520508e+01  -4.302848e+01
 8.526611e+01  -4.287519e+01
 8.532715e+01  -4.287265e+01
 8.538818e+01  -4.300844e+01
 8.544922e+01  -4.290792e+01
 8.551025e+01  -4.303302e+01
 8.557129e+01  -4.283047e+01
 8.563232e+01  -4.307104e+01
 8.569336e+01  -4.297644e+01
 8.575439e+01  -4.300930e+01
 8.581543e+01  -4.302976e+01
 8.587646e+01  -4.307229e+01
 8.593750e+01  -4.309160e+01
 8.599854e+01  -4.311022e+01
 8.605957e+01  -4.306046e+01
 8.612061e+01  -4.310567e+01
 8.618164e+01  -4.314104e+01
 8.624268e+01  -4.325641e+01
 8.630371e+01  -4.321996e+01
 8.636475e+01  -4.315569e+01
 8.642578e+01  -4.326389e+01
 8.648682e+01  -4.317064e+01
 8.654785e+01  -4.307057e+01
 8.660889e+01  -4.311459e+01
 8.666992e+01  -4.300253e+01
 8.673096e+01  -4.316183e+01
 8.679199e+01  -4.322580e+01
 8.685303e+01  -4.325512e+01
 8.691406e+01  -4.335555e+01
 8.697510e+01  -4.335478e+01
 8.703613e+01  -4.329792e+01
 8.709717e+01  -4.335904e+01
 8.715820e+01  -4.342106e+01
 8.721924e+01  -4.324696e+01
 8.728027e+01  -4.343893e+01
 8.734131e+01  -4.358944e+01
 8.740234e+01  -4.349483e+01
 8.746338e+01  -4.345115e+01
 8.752441e+01  -4.369590e+01
 8.758545e+01  -4.341114e+01
 8.764648e+01  -4.371700e+01
 8.770752e+01  -4.359180e+01
 8.776855e+01  -4.345539e+01
 8.782959e+01  -4.346239e+01
 8.789062e+01  -4.370026e+01
 8.795166e+01  -4.361379e+01
 8.801270e+01  -4.357112e+01
 8.807373e+01  -4.374863e+01
 8.813477e+01  -4.354815e+01
 8.819580e+01  -4.359870e+01
 8.825684e+01  -4.358829e+01
 8.831787e+01  -4.354426e+01
 8.837891e+01  -4.352630e+01
 8.843994e+01  -4.378258e+01
 8.850098e+01  -4.369924e+01
 8.856201e+01  -4.363012e+01
 8.862305e+01  -4.392326e+01
 8.868408e+01  -4.371066e+01
 8.874512e+01  -4.379284e+01
 8.880615e+01  -4.395904e+01
 8.886719e+01  -4.382883e+01
 8.892822e+01  -4.382443e+01
 8.898926e+01  -4.409975e+01
 8.905029e+01  -4.402428e+01
 8.911133e+01  -4.392334e+01
 8.917236e+01  -4.387329e+01
 8.923340e+01  -4.415958e+01
 8.929443e+01  -4.375981e+01
 8.935547e+01  -4.401928e+01
 8.941650e+01  -4.400540e+01
 8.947754e+01  -4.403286e+01
 8.953857e+01  -4.402094e+01
 8.959961e+01  -4.396449e+01
 8.966064e+01  -4.399649e+01
 8.972168e+01  -4.401125e+01
 8.978271e+01  -4.409177e+01
 8.984375e+01  -4.386222e+01
 8.990479e+01  -4.416072e+01
 8.996582e+01  -4.390037e+01
 9.002686e+01  -4.414236e+01
 9.008789e+01  -4.412438e+01
 9.014893e+01  -4.400771e+01
 9.020996e+01  -4.417091e+01
 9.027100e+01  -4.414769e+01
 9.033203e+01  -4.434846e+01
 9.039307e+01  -4.436377e+01
 9.045410e+01  -4.433537e+01
 9.051514e+01  -4.420088e+01
 9.057617e+01  -4.437899e+01
 9.063721e+01  -4.448541e+01
 9.069824e+01  -4.440617e+01
 9.075928e+01  -4.438168e+01
 9.082031e+01  -4.436159e+01
 9.088135e+01  -4.435886e+01
 9.094238e+01  -4.418472e+01
 9.100342e+01  -4.443550e+01
 9.106445e+01  -4.442614e+01
 9.112549e+01  -4.451772e+01
 9.118652e+01  -4.433766e+01
 9.124756e+01  -4.451650e+01
 9.130859e+01  -4.437121e+01
 9.136963e+01  -4.437783e+01
 9.143066e+01  -4.440227e+01
 9.149170e+01  -4.444446e+01
 9.155273e+01  -4.435386e+01
 9.161377e+01  -4.454767e+01
 9.167480e+01  -4.457203e+01
 9.173584e+01  -4.444386e+01
 9.179688e+01  -4.461224e+01
 9.185791e+01  -4.454617e+01
 9.191895e+01  -4.460987e+01
 9.197998e+01  -4.457215e+01
 9.204102e+01  -4.467924e+01
 9.210205e+01  -4.455366e+01
 9.216309e+01  -4.454462e+01
 9.222412e+01  -4.465094e+01
 9.228516e+01  -4.436851e+01
 9.234619e+01  -4.464392e+01
 9.240723e+01  -4.454049e+01
 9.246826e+01  -4.462343e+01
 9.252930e+01  -4.452751e+01
 9.259033e+01  -4.464159e+01
 9.265137e+01  -4.454726e+01
 9.271240e+01  -4.467882e+01
 9.277344e+01  -4.451560e+01
 9.283447e+01  -4.457914e+01
 9.289551e+01  -4.466921e+01
 9.295654e+01  -4.479840e+01
 9.301758e+01  -4.472094e+01
 9.307861e+01  -4.475363e+01
 9.313965e+01  -4.465989e+01
 9.320068e+01  -4.478711e+01
 9.326172e+01  -4.478113e+01
 9.332275e+01  -4.473041e+01
 9.338379e+01  -4.465759e+01
 9.344482e+01  -4.467403e+01
 9.350586e+01  -4.487197e+01
 9.356689e+01  -4.471985e+01
 9.362793e+01  -4.470661e+01
 9.368896e+01  -4.474604e+01
 9.375000e+01  -4.497699e+01
 9.381104e+01  -4.478493e+01
 9.387207e+01  -4.489641e+01
 9.393311e+01  -4.465179e+01
 9.399414e+01  -4.492228e+01
 9.405518e+01  -4.476650e+01
 9.411621e+01  -4.499978e+01
 9.417725e+01  -4.507817e+01
 9.423828e+01  -4.506096e+01
 9.429932e+01  -4.479334e+01
 9.436035e+01  -4.484604e+01
 9.442139e+01  -4.497394e+01
 9.448242e+01  -4.493029e+01
 9.454346e+01  -4.489899e+01
 9.460449e+01  -4.511814e+01
 9.466553e+01  -4.516932e+01
 9.472656e+01  -4.500427e+01
 9.478760e+01  -4.514832e+01
 9.484863e+01  -4.520494e+01
 9.490967e+01  -4.494433e+01
 9.497070e+01  -4.498729e+01
 9.503174e+01  -4.537120e+01
 9.509277e+01  -4.510015e+01
 9.515381e+01  -4.497279e+01
 9.521484e+01  -4.521122e+01
 9.527588e+01  -4.507582e+01
 9.533691e+01  -4.515656e+01
 9.539795e+01  -4.514681e+01
 9.545898e+01  -4.508667e+01
 9.552002e+01  -4.509773e+01
 9.558105e+01  -4.502905e+01
 9.564209e+01  -4.525516e+01
 9.570312e+01  -4.517701e+01
 9.576416e+01  -4.516842e+01
 9.582520e+01  -4.530927e+01
 9.588623e+01  -4.543847e+01
 9.594727e+01  -4.509037e+01
 9.600830e+01  -4.547438e+01
 9.606934e+01  -4.538636e+01
 9.613037e+01  -4.523322e+01
 9.619141e+01  -4.522789e+01
 9.625244e+01  -4.525688e+01
 9.631348e+01  -4.527773e+01
 9.637451e+01  -4.548554e+01
 9.643555e+01  -4.532840e+01
 9.649658e+01  -4.538788e+01
 9.655762e+01  -4.558584e+01
 9.661865e+01  -4.555220e+01
 9.667969e+01  -4.553831e+01
 9.674072e+01  -4.545095e+01
 9.680176e+01  -4.557756e+01
 9.686279e+01  -4.543331e+01
 9.692383e+01  -4.555325e+01
 9.698486e+01  -4.549581e+01
 9.704590e+01  -4.558119e+01
 9.710693e+01  -4.548011e+01
 9.716797e+01  -4.557175e+01
 9.722900e+01  -4.557528e+01
 9.729004e+01  -4.572073e+01
 9.735107e+01  -4.554370e+01
 9.741211e+01  -4.579789e+01
 9.747314e+01  -4.568987e+01
 9.753418e+01  -4.571383e+01
 9.759521e+01  -4.557957e+01
 9.765625e+01  -4.540991e+01
 9.771729e+01  -4.564809e+01
 9.777832e+01  -4.557600e+01
 9.783936e+01  -4.575481e+01
 9.790039e+01  -4.554206e+01
 9.796143e+01  -4.594138e+01
 9.802246e+01  -4.575726e+01
 9.808350e+01  -4.587798e+01
 9.814453e+01  -4.592022e+01
 9.820557e+01  -4.569705e+01
 9.826660e+01  -4.588623e+01
 9.832764e+01  -4.589177e+01
 9.838867e+01  -4.576132e+01
 9.844971e+01  -4.602126e+01
 9.851074e+01  -4.589498e+01
 9.857178e+01  -4.582917e+01
 9.863281e+01  -4.575150e+01
 9.869385e+01  -4.591918e+01
 9.875488e+01  -4.588725e+01
 9.881592e+01  -4.609013e+01
 9.887695e+01  -4.594181e+01
 9.893799e+01  -4.604808e+01
 9.899902e+01  -4.601405e+01
 9.906006e+01  -4.606594e+01
 9.912109e+01  -4.597325e+01
 9.918213e+01  -4.589872e+01
 9.924316e+01  -4.594143e+01
 9.930420e+01  -4.606525e+01
 9.936523e+01  -4.597410e+01
 9.942627e+01  -4.607821e+01
 9.948730e+01  -4.604700e+01
 9.954834e+01  -4.620509e+01
 9.960938e+01  -4.628332e+01
 9.967041e+01  -4.610257e+01
 9.973145e+01  -4.613705e+01
 9.979248e+01  -4.593775e+01
 9.985352e+01  -4.606641e+01
 9.991455e+01  -4.598079e+01
 9.997559e+01  -4.602517e+01
 1.000366e+02  -4.603878e+01
 1.000977e+02  -4.605881e+01
 1.001587e+02  -4.629480e+01
 1.002197e+02  -4.625519e+01
 1.002808e+02  -4.620648e+01
 1.003418e+02  -4.626398e+01
 1.004028e+02  -4.613594e+01
 1.004639e+02  -4.629801e+01
 1.005249e+02  -4.620759e+01
 1.005859e+02  -4.621441e+01
 1.006470e+02  -4.621842e+01
 1.007080e+02  -4.624920e+01
 1.007690e+02  -4.626212e+01
 1.008301e+02  -4.621556e+01
 1.008911e+02  -4.622099e+01
 1.009521e+02  -4.620548e+01
 1.010132e+02  -4.613624e+01
 1.010742e+02  -4.607428e+01
 1.011353e+02  -4.629677e+01
 1.011963e+02  -4.639573e+01
 1.012573e+02  -4.623110e+01
 1.013184e+02  -4.649409e+01
 1.013794e+02  -4.627328e+01
 1.014404e+02  -4.639186e+01
 1.015015e+02  -4.631916e+01
 1.015625e+02  -4.634645e+01
 1.016235e+02  -4.642967e+01
 1.016846e+02  -4.663087e+01
 1.017456e+02  -4.641161e+01
 1.018066e+02  -4.641556e+01
 1.018677e+02  -4.635977e+01
 1.019287e+02  -4.646635e+01
 1.019897e+02  -4.619914e+01
 1.020508e+02  -4.638972e+01
 1.021118e+02  -4.640425e+01
 1.021729e+02  -4.652263e+01
 1.022339e+02  -4.653465e+01
 1.022949e+02  -4.638882e+01
 1.023560e+02  -4.632902e+01
 1.024170e+02  -4.647129e+01
 1.024780e+02  -4.631080e+01
 1.025391e+02  -4.660079e+01
 1.026001e+02  -4.650063e+01
 1.026611e+02  -4.645328e+01
 1.027222e+02  -4.655362e+01
 1.027832e+02  -4.668619e+01
 1.028442e+02  -4.664399e+01
 1.029053e+02  -4.656596e+01
 1.029663e+02  -4.662697e+01
 1.030273e+02  -4.663507e+01
 1.030884e+02  -4.662281e+01
 1.031494e+02  -4.645099e+01
 1.032104e+02  -4.665107e+01
 1.032715e+02  -4.658241e+01
 1.033325e+02  -4.679052e+01
 1.033936e+02  -4.670089e+01
 1.034546e+02  -4.663848e+01
 1.035156e+02  -4.684996e+01
 1.035767e+02  -4.671223e+01
 1.036377e+02  -4.662948e+01
 1.036987e+02  -4.687780e+01
 1.037598e+02  -4.682671e+01
 1.038208e+02  -4.681776e+01
 1.038818e+02  -4.683837e+01
 1.039429e+02  -4.674244e+01
 1.040039e+02  -4.674623e+01
 1.040649e+02  -4.670744e+01
 1.041260e+02  -4.676059e+01
 1.041870e+02  -4.676109e+01
 1.042480e+02  -4.672099e+01
 1.043091e+02  -4.694552e+01
 1.043701e+02  -4.685786e+01
 1.044312e+02  -4.685997e+01
 1.044922e+02  -4.678957e+01
 1.045532e+02  -4.709901e+01
 1.046143e+02  -4.701061e+01
 1.046753e+02  -4.696951e+01
 1.047363e+02  -4.698782e+01
 1.047974e+02  -4.683980e+01
 1.048584e+02  -4.702039e+01
 1.049194e+02  -4.696548e+01
 1.049805e+02  -4.706900e+01
 1.050415e+02  -4.726083e+01
 1.051025e+02  -4.696697e+01
 1.051636e+02  -4.710344e+01
 1.052246e+02  -4.702533e+01
 1.052856e+02  -4.698913e+01
 1.053467e+02  -4.726996e+01
 1.054077e+02  -4.714605e+01
 1.054688e+02  -4.713044e+01
 1.055298e+02  -4.709453e+01
 1.055908e+02  -4.731831e+01
 1.056519e+02  -4.710161e+01
 1.057129e+02  -4.732884e+01
 1.057739e+02  -4.725859e+01
 1.058350e+02  -4.722965e+01
 1.058960e+02  -4.707829e+01
 1.059570e+02  -4.716753e+01
 1.060181e+02  -4.706310e+01
 1.060791e+02  -4.716713e+01
 1.061401e+02  -4.715928e+01
 1.062012e+02  -4.724605e+01
 1.062622e+02  -4.723674e+01
 1.063232e+02  -4.714360e+01
 1.063843e+02  -4.727720e+01
 1.064453e+02  -4.729189e+01
 1.065063e+02  -4.712663e+01
 1.065674e+02  -4.735760e+01
 1.066284e+02  -4.743031e+01
 1.066895e+02  -4.724126e+01
 1.067505e+02  -4.742289e+01
 1.068115e+02  -4.747586e+01
 1.068726e+02  -4.732243e+01
 1.069336e+02  -4.749165e+01
 1.069946e+02  -4.743355e+01
 1.070557e+02  -4.729837e+01
 1.071167e+02  -4.735979e+01
 1.071777e+02  -4.730342e+01
 1.072388e+02  -4.735987e+01
 1.072998e+02  -4.755872e+01
 1.073608e+02  -4.749387e+01
 1.074219e+02  -4.746723e+01
 1.074829e+02  -4.749501e+01
 1.075439e+02  -4.761596e+01
 1.076050e+02  -4.763557e+01
 1.076660e+02  -4.756780e+01
 1.077271e+02  -4.738182e+01
 1.077881e+02  -4.736928e+01
 1.078491e+02  -4.755842e+01
 1.079102e+02  -4.750531e+01
 1.079712e+02  -4.755888e+01
 1.080322e+02  -4.762772e+01
 1.080933e+02  -4.756504e+01
 1.081543e+02  -4.745575e+01
 1.082153e+02  -4.749400e+01
 1.082764e+02  -4.755550e+01
 1.083374e+02  -4.762473e+01
 1.083984e+02  -4.754531e+01
 1.084595e+02  -4.774927e+01
 1.085205e+02  -4.763271e+01
 1.085815e+02  -4.780806e+01
 1.086426e+02  -4.774085e+01
 1.087036e+02  -4.745376e+01
 1.087646e+02  -4.782297e+01
 1.088257e+02  -4.770604e+01
 1.088867e+02  -4.777967e+01
 1.089478e+02  -4.776378e+01
 1.090088e+02  -4.770180e+01
 1.090698e+02  -4.780806e+01
 1.091309e+02  -4.788463e+01
 1.091919e+02  -4.785873e+01
 1.092529e+02  -4.789587e+01
 1.093140e+02  -4.748077e+01
 1.093750e+02  -4.796633e+01
 1.094360e+02  -4.769651e+01
 1.094971e+02  -4.771129e+01
 1.095581e+02  -4.775492e+01
 1.096191e+02  -4.765139e+01
 1.096802e+02  -4.790654e+01
 1.097412e+02  -4.777597e+01
 1.098022e+02  -4.776984e+01
 1.098633e+02  -4.771146e+01
 1.099243e+02  -4.791890e+01
 1.099854e+02  -4.787527e+01
 1.100464e+02  -4.781750e+01
 1.101074e+02  -4.774118e+01
 1.101685e+02  -4.765891e+01
 1.102295e+02  -4.777753e+01
 1.102905e+02  -4.777898e+01
 1.103516e+02  -4.807366e+01
 1.104126e+02  -4.777334e+01
 1.104736e+02  -4.798168e+01
 1.105347e+02  -4.795566e+01
 1.105957e+02  -4.795328e+01
 1.106567e+02  -4.787250e+01
 1.107178e+02  -4.794976e+01
 1.107788e+02  -4.788799e+01
 1.108398e+02  -4.797921e+01
 1.109009e+02  -4.792131e+01
 1.109619e+02  -4.810281e+01
 1.110229e+02  -4.797222e+01
 1.110840e+02  -4.803278e+01
 1.111450e+02  -4.799660e+01
 1.112061e+02  -4.794540e+01
 1.112671e+02  -4.810269e+01
 1.113281e+02  -4.809830e+01
 1.113892e+02  -4.811716e+01
 1.114502e+02  -4.819355e+01
 1.115112e+02  -4.805606e+01
 1.115723e+02  -4.817519e+01
 1.116333e+02  -4.807309e+01
 1.116943e+02  -4.798999e+01
 1.117554e+02  -4.829719e+01
 1.118164e+02  -4.818409e+01
 1.118774e+02  -4.806930e+01
 1.119385e+02  -4.813760e+01
 1.119995e+02  -4.819416e+01
 1.120605e+02  -4.812235e+01
 1.121216e+02  -4.816612e+01
 1.121826e+02  -4.834079e+01
 1.122437e+02  -4.818021e+01
 1.123047e+02  -4.831669e+01
 1.123657e+02  -4.820117e+01
 1.124268e+02  -4.829610e+01
 1.124878e+02  -4.826338e+01
 1.125488e+02  -4.847921e+01
 1.126099e+02  -4.838392e+01
 1.126709e+02  -4.820984e+01
 1.127319e+02  -4.856415e+01
 1.127930e+02  -4.826662e+01
 1.128540e+02  -4.841295e+01
 1.129150e+02  -4.829872e+01
 1.129761e+02  -4.859127e+01
 1.130371e+02  -4.837172e+01
 1.130981e+02  -4.829262e+01
 1.131592e+02  -4.850574e+01
 1.132202e+02  -4.838662e+01
 1.132812e+02  -4.836757e+01
 1.133423e+02  -4.840547e+01
 1.134033e+02  -4.841821e+01
 1.134644e+02  -4.850301e+01
 1.135254e+02  -4.841076e+01
 1.135864e+02  -4.843561e+01
 1.136475e+02  -4.845842e+01
 1.137085e+02  -4.855624e+01
 1.137695e+02  -4.843478e+01
 1.138306e+02  -4.839194e+01
 1.138916e+02  -4.845377e+01
 1.139526e+02  -4.872994e+01
 1.140137e+02  -4.837456e+01
 1.140747e+02  -4.847859e+01
 1.141357e+02  -4.857916e+01
 1.141968e+02  -4.846321e+01
 1.142578e+02  -4.843323e+01
 1.143188e+02  -4.858651e+01
 1.143799e+02  -4.862805e+01
 1.144409e+02  -4.878567e+01
 1.145020e+02  -4.857232e+01
 1.145630e+02  -4.854984e+01
 1.146240e+02  -4.857378e+01
 1.146851e+02  -4.845342e+01
 1.147461e+02  -4.857509e+01
 1.148071e+02  -4.844204e+01
 1.148682e+02  -4.877661e+01
 1.149292e+02  -4.889589e+01
 1.149902e+02  -4.872230e+01
 1.150513e+02  -4.876978e+01
 1.151123e+02  -4.864355e+01
 1.151733e+02  -4.878133e+01
 1.152344e+02  -4.876815e+01
 1.152954e+02  -4.870667e+01
 1.153564e+02  -4.870709e+01
 1.154175e+02  -4.853986e+01
 1.154785e+02  -4.849751e+01
 1.155396e+02  -4.869979e+01
 1.156006e+02  -4.880766e+01
 1.156616e+02  -4.884296e+01
 1.157227e+02  -4.872424e+01
 1.157837e+02  -4.864877e+01
 1.158447e+02  -4.857300e+01
 1.159058e+02  -4.868921e+01
 1.159668e+02  -4.874122e+01
 1.160278e+02  -4.882028e+01
 1.160889e+02  -4.875980e+01
 1.161499e+02  -4.883194e+01
 1.162109e+02  -4.872433e+01
 1.162720e+02  -4.886654e+01
 1.163330e+02  -4.870724e+01
 1.163940e+02  -4.885893e+01
 1.164551e+02  -4.869078e+01
 1.165161e+02  -4.863802e+01
 1.165771e+02  -4.868522e+01
 1.166382e+02  -4.880550e+01
 1.166992e+02  -4.886460e+01
 1.167603e+02  -4.879819e+01
 1.168213e+02  -4.878784e+01
 1.168823e+02  -4.888947e+01
 1.169434e+02  -4.869908e+01
 1.170044e+02  -4.888314e+01
 1.170654e+02  -4.882253e+01
 1.171265e+02  -4.888969e+01
 1.171875e+02  -4.871320e+01
 1.172485e+02  -4.890322e+01
 1.173096e+02  -4.868565e+01
 1.173706e+02  -4.887313e+01
 1.174316e+02  -4.888347e+01
 1.174927e+02  -4.890453e+01
 1.175537e+02  -4.877413e+01
 1.176147e+02  -4.901612e+01
 1.176758e+02  -4.885875e+01
 1.177368e+02  -4.897433e+01
 1.177979e+02  -4.897220e+01
 1.178589e+02  -4.897874e+01
 1.179199e+02  -4.890099e+01
 1.179810e+02  -4.891410e+01
 1.180420e+02  -4.889801e+01
 1.181030e+02  -4.883914e+01
 1.181641e+02  -4.898035e+01
 1.182251e+02  -4.890673e+01
 1.182861e+02  -4.897481e+01
 1.183472e+02  -4.899255e+01
 1.184082e+02  -4.886471e+01
 1.184692e+02  -4.900212e+01
 1.185303e+02  -4.900268e+01
 1.185913e+02  -4.920264e+01
 1.186523e+02  -4.907198e+01
 1.187134e+02  -4.894087e+01
 1.187744e+02  -4.904871e+01
 1.188354e+02  -4.916608e+01
 1.188965e+02  -4.908117e+01
 1.189575e+02  -4.898161e+01
 1.190186e+02  -4.930407e+01
 1.190796e+02  -4.913219e+01
 1.191406e+02  -4.901215e+01
 1.192017e+02  -4.905107e+01
 1.192627e+02  -4.906206e+01
 1.193237e+02  -4.939774e+01
 1.193848e+02  -4.917223e+01
 1.194458e+02  -4.911665e+01
 1.195068e+02  -4.897751e+01
 1.195679e+02  -4.912202e+01
 1.196289e+02  -4.914395e+01
 1.196899e+02  -4.926962e+01
 1.197510e+02  -4.913805e+01
 1.198120e+02  -4.918697e+01
 1.198730e+02  -4.922457e+01
 1.199341e+02  -4.920322e+01
 1.199951e+02  -4.917902e+01
 1.200562e+02  -4.936456e+01
 1.201172e+02  -4.909023e+01
 1.201782e+02  -4.924132e+01
 1.202393e+02  -4.928135e+01
 1.203003e+02  -4.913370e+01
 1.203613e+02  -4.910583e+01
 1.204224e+02  -4.908259e+01
 1.204834e+02  -4.951186e+01
 1.205444e+02  -4.912770e+01
 1.206055e+02  -4.933494e+01
 1.206665e+02  -4.933327e+01
 1.207275e+02  -4.921232e+01
 1.207886e+02  -4.937775e+01
 1.208496e+02  -4.903568e+01
 1.209106e+02  -4.931593e+01
 1.209717e+02  -4.919856e+01
 1.210327e+02  -4.924255e+01
 1.210938e+02  -4.912490e+01
 1.211548e+02  -4.928285e+01
 1.212158e+02  -4.923557e+01
 1.212769e+02  -4.914792e+01
 1.213379e+02  -4.917999e+01
 1.213989e+02  -4.919209e+01
 1.214600e+02  -4.929432e+01
 1.215210e+02  -4.941778e+01
 1.215820e+02  -4.935930e+01
 1.216431e+02  -4.933792e+01
 1.217041e+02  -4.936224e+01
 1.217651e+02  -4.917681e+01
 1.218262e+02  -4.927279e+01
 1.218872e+02  -4.934676e+01
 1.219482e+02  -4.937596e+01
 1.220093e+02  -4.932602e+01
 1.220703e+02  -4.922741e+01
 1.221313e+02  -4.936372e+01
 1.221924e+02  -4.943009e+01
 1.222534e+02  -4.933698e+01
 1.223145e+02  -4.913311e+01
 1.223755e+02  -4.923795e+01
 1.224365e+02  -4.942115e+01
 1.224976e+02  -4.913973e+01
 1.225586e+02  -4.935030e+01
 1.226196e+02  -4.909354e+01
 1.226807e+02  -4.933540e+01
 1.227417e+02  -4.933019e+01
 1.228027e+02  -4.944714e+01
 1.228638e+02  -4.928236e+01
 1.229248e+02  -4.943536e+01
 1.229858e+02  -4.947694e+01
 1.230469e+02  -4.938551e+01
 1.231079e+02  -4.913868e+01
 1.231689e+02  -4.931108e+01
 1.232300e+02  -4.945735e+01
 1.232910e+02  -4.921344e+01
 1.233521e+02  -4.931887e+01
 1.234131e+02  -4.926389e+01
 1.234741e+02  -4.912793e+01
 1.235352e+02  -4.946311e+01
 1.235962e+02  -4.945299e+01
 1.236572e+02  -4.931348e+01
 1.237183e+02  -4.949219e+01
 1.237793e+02  -4.924160e+01
 1.238403e+02  -4.927756e+01
 1.239014e+02  -4.919721e+01
 1.239624e+02  -4.940263e+01
 1.240234e+02  -4.934504e+01
 1.240845e+02  -4.936715e+01
 1.241455e+02  -4.923803e+01
 1.242065e+02  -4.916246e+01
 1.242676e+02  -4.947635e+01
 1.243286e+02  -4.939342e+01
 1.243896e+02  -4.937649e+01
 1.244507e+02  -4.949887e+01
 1.245117e+02  -4.937777e+01
 1.245728e+02  -4.935700e+01
 1.246338e+02  -4.942391e+01
 1.246948e+02  -4.936005e+01
 1.247559e+02  -4.933662e+01
 1.248169e+02  -4.933579e+01
 1.248779e+02  -4.924415e+01
 1.249390e+02  -4.954374e+01
 1.250000e+02  -5.008907e+01
