%   Freq/Hz         Amplitude
 0.000000e+00  1.827944e-02
 6.103516e-02  2.696181e-03
 1.220703e-01  2.690952e-03
 1.831055e-01  2.675338e-03
 2.441406e-01  2.660701e-03
 3.051758e-01  2.635261e-03
 3.662109e-01  2.610852e-03
 4.272461e-01  2.577226e-03
 4.882812e-01  2.545715e-03
 5.493164e-01  2.506511e-03
 6.103516e-01  2.471064e-03
 6.713867e-01  2.430856e-03
 7.324219e-01  2.395957e-03
 7.934570e-01  2.358659e-03
 8.544922e-01  2.330453e-03
 9.155273e-01  2.302842e-03
 9.765625e-01  2.286313e-03
 1.037598e+00  2.273507e-03
 1.098633e+00  2.273065e-03
 1.159668e+00  2.277885e-03
 1.220703e+00  2.296371e-03
 1.281738e+00  2.320514e-03
 1.342773e+00  2.356895e-03
 1.403809e+00  2.400125e-03
 1.464844e+00  2.452944e-03
 1.525879e+00  2.510914e-03
 1.586914e+00  2.577113e-03
 1.647949e+00  2.646296e-03
 1.708984e+00  2.721192e-03
 1.770020e+00  2.796344e-03
 1.831055e+00  2.876061e-03
 1.892090e+00  2.955135e-03
 1.953125e+00  3.035649e-03
 2.014160e+00  3.113307e-03
 2.075195e+00  3.189198e-03
 2.136230e+00  3.260895e-03
 2.197266e+00  3.329035e-03
 2.258301e+00  3.392882e-03
 2.319336e+00  3.451343e-03
 2.380371e+00  3.501831e-03
 2.441406e+00  3.550128e-03
 2.502441e+00  3.589097e-03
 2.563477e+00  3.623212e-03
 2.624512e+00  3.648912e-03
 2.685547e+00  3.668618e-03
 2.746582e+00  3.680581e-03
 2.807617e+00  3.686919e-03
 2.868652e+00  3.685670e-03
 2.929688e+00  3.678150e-03
 2.990723e+00  3.665390e-03
 3.051758e+00  3.647949e-03
 3.112793e+00  3.625885e-03
 3.173828e+00  3.601161e-03
 3.234863e+00  3.573966e-03
 3.295898e+00  3.546137e-03
 3.356934e+00  3.519071e-03
 3.417969e+00  3.493570e-03
 3.479004e+00  3.472925e-03
 3.540039e+00  3.455710e-03
 3.601074e+00  3.447520e-03
 3.662109e+00  3.444190e-03
 3.723145e+00  3.451120e-03
 3.784180e+00  3.466013e-03
 3.845215e+00  3.492816e-03
 3.906250e+00  3.527053e-03
 3.967285e+00  3.574518e-03
 4.028320e+00  3.629000e-03
 4.089355e+00  3.696851e-03
 4.150391e+00  3.771445e-03
 4.211426e+00  3.858996e-03
 4.272461e+00  3.950389e-03
 4.333496e+00  4.054025e-03
 4.394531e+00  4.158787e-03
 4.455566e+00  4.274673e-03
 4.516602e+00  4.390966e-03
 4.577637e+00  4.516187e-03
 4.638672e+00  4.639554e-03
 4.699707e+00  4.768119e-03
 4.760742e+00  4.893460e-03
 4.821777e+00  5.022682e-03
 4.882812e+00  5.143000e-03
 4.943848e+00  5.267440e-03
 5.004883e+00  5.380157e-03
 5.065918e+00  5.491233e-03
 5.126953e+00  5.593687e-03
 5.187988e+00  5.693525e-03
 5.249023e+00  5.783954e-03
 5.310059e+00  5.870446e-03
 5.371094e+00  5.950855e-03
 5.432129e+00  6.028293e-03
 5.493164e+00  6.088011e-03
 5.554199e+00  6.158615e-03
 5.615234e+00  6.202716e-03
 5.676270e+00  6.256466e-03
 5.737305e+00  6.300998e-03
 5.798340e+00  6.357028e-03
 5.859375e+00  6.388659e-03
 5.920410e+00  6.433671e-03
 5.981445e+00  6.475559e-03
 6.042480e+00  6.535181e-03
 6.103516e+00  6.588994e-03
 6.164551e+00  6.679465e-03
 6.225586e+00  6.749746e-03
 6.286621e+00  6.833672e-03
 6.347656e+00  6.924159e-03
 6.408691e+00  7.080291e-03
 6.469727e+00  7.199953e-03
 6.530762e+00  7.346611e-03
 6.591797e+00  7.598625e-03
 6.652832e+00  7.764293e-03
 6.713867e+00  7.950064e-03
 6.774902e+00  8.191101e-03
 6.835938e+00  8.393416e-03
 6.896973e+00  8.707167e-03
 6.958008e+00  9.129539e-03
 7.019043e+00  9.340195e-03
 7.080078e+00  9.644791e-03
 7.141113e+00  1.004353e-02
 7.202148e+00  1.038981e-02
 7.263184e+00  1.077474e-02
 7.324219e+00  1.115236e-02
 7.385254e+00  1.151959e-02
 7.446289e+00  1.208242e-02
 7.507324e+00  1.242339e-02
 7.568359e+00  1.294332e-02
 7.629395e+00  1.335110e-02
 7.690430e+00  1.386972e-02
 7.751465e+00  1.425806e-02
 7.812500e+00  1.470586e-02
 7.873535e+00  1.494283e-02
 7.934570e+00  1.535185e-02
 7.995605e+00  1.585703e-02
 8.056641e+00  1.637767e-02
 8.117676e+00  1.690756e-02
 8.178711e+00  1.766738e-02
 8.239746e+00  1.833463e-02
 8.300781e+00  1.853091e-02
 8.361816e+00  1.973118e-02
 8.422852e+00  2.179612e-02
 8.483887e+00  2.085666e-02
 8.544922e+00  2.142768e-02
 8.605957e+00  2.197382e-02
 8.666992e+00  2.410022e-02
 8.728027e+00  2.324871e-02
 8.789062e+00  2.514602e-02
 8.850098e+00  2.586945e-02
 8.911133e+00  2.733630e-02
 8.972168e+00  2.880723e-02
 9.033203e+00  2.978103e-02
 9.094238e+00  3.133037e-02
 9.155273e+00  3.259873e-02
 9.216309e+00  3.438811e-02
 9.277344e+00  3.554045e-02
 9.338379e+00  3.667457e-02
 9.399414e+00  3.865092e-02
 9.460449e+00  4.187940e-02
 9.521484e+00  4.448332e-02
 9.582520e+00  4.457183e-02
 9.643555e+00  4.820121e-02
 9.704590e+00  4.990634e-02
 9.765625e+00  5.424069e-02
 9.826660e+00  5.564362e-02
 9.887695e+00  5.993641e-02
 9.948730e+00  6.389654e-02
 1.000977e+01  6.568060e-02
 1.007080e+01  6.960383e-02
 1.013184e+01  7.437128e-02
 1.019287e+01  8.046363e-02
 1.025391e+01  8.424336e-02
 1.031494e+01  9.045909e-02
 1.037598e+01  9.332722e-02
 1.043701e+01  9.770146e-02
 1.049805e+01  1.089224e-01
 1.055908e+01  1.151777e-01
 1.062012e+01  1.179577e-01
 1.068115e+01  1.241998e-01
 1.074219e+01  1.345206e-01
 1.080322e+01  1.362910e-01
 1.086426e+01  1.499361e-01
 1.092529e+01  1.575355e-01
 1.098633e+01  1.615669e-01
 1.104736e+01  1.658800e-01
 1.110840e+01  1.744688e-01
 1.116943e+01  1.897966e-01
 1.123047e+01  1.941637e-01
 1.129150e+01  1.962331e-01
 1.135254e+01  2.041214e-01
 1.141357e+01  2.121784e-01
 1.147461e+01  2.203233e-01
 1.153564e+01  2.273609e-01
 1.159668e+01  2.351261e-01
 1.165771e+01  2.342278e-01
 1.171875e+01  2.466015e-01
 1.177979e+01  2.557533e-01
 1.184082e+01  2.569050e-01
 1.190186e+01  2.614830e-01
 1.196289e+01  2.724429e-01
 1.202393e+01  2.738703e-01
 1.208496e+01  2.792263e-01
 1.214600e+01  2.881359e-01
 1.220703e+01  2.863138e-01
 1.226807e+01  2.913867e-01
 1.232910e+01  2.972536e-01
 1.239014e+01  2.887525e-01
 1.245117e+01  2.902910e-01
 1.251221e+01  2.941934e-01
 1.257324e+01  2.904416e-01
 1.263428e+01  2.871757e-01
 1.269531e+01  2.876957e-01
 1.275635e+01  2.842436e-01
 1.281738e+01  2.801751e-01
 1.287842e+01  2.867759e-01
 1.293945e+01  2.794986e-01
 1.300049e+01  2.741479e-01
 1.306152e+01  2.825464e-01
 1.312256e+01  2.795823e-01
 1.318359e+01  2.773623e-01
 1.324463e+01  2.788801e-01
 1.330566e+01  2.830206e-01
 1.336670e+01  2.845947e-01
 1.342773e+01  2.827403e-01
 1.348877e+01  2.850249e-01
 1.354980e+01  2.894011e-01
 1.361084e+01  2.873603e-01
 1.367188e+01  2.871884e-01
 1.373291e+01  2.870778e-01
 1.379395e+01  2.964013e-01
 1.385498e+01  2.914330e-01
 1.391602e+01  2.921391e-01
 1.397705e+01  2.932573e-01
 1.403809e+01  2.955406e-01
 1.409912e+01  3.017983e-01
 1.416016e+01  2.989327e-01
 1.422119e+01  2.962119e-01
 1.428223e+01  3.004671e-01
 1.434326e+01  2.993377e-01
 1.440430e+01  3.017722e-01
 1.446533e+01  2.993633e-01
 1.452637e+01  3.004080e-01
 1.458740e+01  3.033561e-01
 1.464844e+01  2.988920e-01
 1.470947e+01  3.050382e-01
 1.477051e+01  3.147644e-01
 1.483154e+01  3.126295e-01
 1.489258e+01  3.102195e-01
 1.495361e+01  3.177566e-01
 1.501465e+01  3.205391e-01
 1.507568e+01  3.224056e-01
 1.513672e+01  3.213567e-01
 1.519775e+01  3.328457e-01
 1.525879e+01  3.281592e-01
 1.531982e+01  3.228522e-01
 1.538086e+01  3.336011e-01
 1.544189e+01  3.309465e-01
 1.550293e+01  3.370444e-01
 1.556396e+01  3.359963e-01
 1.562500e+01  3.421011e-01
 1.568604e+01  3.432124e-01
 1.574707e+01  3.383051e-01
 1.580811e+01  3.450415e-01
 1.586914e+01  3.546894e-01
 1.593018e+01  3.519224e-01
 1.599121e+01  3.564307e-01
 1.605225e+01  3.578643e-01
 1.611328e+01  3.620201e-01
 1.617432e+01  3.632304e-01
 1.623535e+01  3.647304e-01
 1.629639e+01  3.769477e-01
 1.635742e+01  3.753661e-01
 1.641846e+01  3.841971e-01
 1.647949e+01  3.876535e-01
 1.654053e+01  3.961102e-01
 1.660156e+01  3.953660e-01
 1.666260e+01  3.994867e-01
 1.672363e+01  4.060794e-01
 1.678467e+01  4.094733e-01
 1.684570e+01  4.204574e-01
 1.690674e+01  4.204132e-01
 1.696777e+01  4.186889e-01
 1.702881e+01  4.169266e-01
 1.708984e+01  4.315073e-01
 1.715088e+01  4.386085e-01
 1.721191e+01  4.341644e-01
 1.727295e+01  4.459838e-01
 1.733398e+01  4.463874e-01
 1.739502e+01  4.472970e-01
 1.745605e+01  4.522941e-01
 1.751709e+01  4.578225e-01
 1.757812e+01  4.693112e-01
 1.763916e+01  4.689167e-01
 1.770020e+01  4.784383e-01
 1.776123e+01  4.760139e-01
 1.782227e+01  4.856461e-01
 1.788330e+01  4.829012e-01
 1.794434e+01  4.914734e-01
 1.800537e+01  4.906246e-01
 1.806641e+01  5.018789e-01
 1.812744e+01  5.073782e-01
 1.818848e+01  5.087072e-01
 1.824951e+01  5.048707e-01
 1.831055e+01  5.069208e-01
 1.837158e+01  5.166970e-01
 1.843262e+01  5.230417e-01
 1.849365e+01  5.348231e-01
 1.855469e+01  5.244993e-01
 1.861572e+01  5.358610e-01
 1.867676e+01  5.413380e-01
 1.873779e+01  5.404574e-01
 1.879883e+01  5.474963e-01
 1.885986e+01  5.558465e-01
 1.892090e+01  5.571447e-01
 1.898193e+01  5.629054e-01
 1.904297e+01  5.660188e-01
 1.910400e+01  5.717520e-01
 1.916504e+01  5.795797e-01
 1.922607e+01  5.874680e-01
 1.928711e+01  5.897993e-01
 1.934814e+01  5.936822e-01
 1.940918e+01  5.957065e-01
 1.947021e+01  6.002721e-01
 1.953125e+01  6.116053e-01
 1.959229e+01  6.123053e-01
 1.965332e+01  6.133921e-01
 1.971436e+01  6.141359e-01
 1.977539e+01  6.260600e-01
 1.983643e+01  6.259994e-01
 1.989746e+01  6.233780e-01
 1.995850e+01  6.247970e-01
 2.001953e+01  6.291519e-01
 2.008057e+01  6.272111e-01
 2.014160e+01  6.340715e-01
 2.020264e+01  6.325051e-01
 2.026367e+01  6.510718e-01
 2.032471e+01  6.439873e-01
 2.038574e+01  6.448039e-01
 2.044678e+01  6.522765e-01
 2.050781e+01  6.563267e-01
 2.056885e+01  6.550077e-01
 2.062988e+01  6.544284e-01
 2.069092e+01  6.532999e-01
 2.075195e+01  6.593663e-01
 2.081299e+01  6.609903e-01
 2.087402e+01  6.636469e-01
 2.093506e+01  6.656576e-01
 2.099609e+01  6.650875e-01
 2.105713e+01  6.671731e-01
 2.111816e+01  6.700151e-01
 2.117920e+01  6.772251e-01
 2.124023e+01  6.816704e-01
 2.130127e+01  6.869817e-01
 2.136230e+01  6.797984e-01
 2.142334e+01  6.905221e-01
 2.148438e+01  6.897001e-01
 2.154541e+01  6.989319e-01
 2.160645e+01  7.044725e-01
 2.166748e+01  7.058587e-01
 2.172852e+01  7.032228e-01
 2.178955e+01  7.161049e-01
 2.185059e+01  7.196281e-01
 2.191162e+01  7.190797e-01
 2.197266e+01  7.267665e-01
 2.203369e+01  7.261493e-01
 2.209473e+01  7.393480e-01
 2.215576e+01  7.265259e-01
 2.221680e+01  7.360529e-01
 2.227783e+01  7.465528e-01
 2.233887e+01  7.490339e-01
 2.239990e+01  7.469867e-01
 2.246094e+01  7.472197e-01
 2.252197e+01  7.520168e-01
 2.258301e+01  7.569253e-01
 2.264404e+01  7.567218e-01
 2.270508e+01  7.525234e-01
 2.276611e+01  7.573270e-01
 2.282715e+01  7.560800e-01
 2.288818e+01  7.643171e-01
 2.294922e+01  7.613045e-01
 2.301025e+01  7.500698e-01
 2.307129e+01  7.641605e-01
 2.313232e+01  7.619538e-01
 2.319336e+01  7.690619e-01
 2.325439e+01  7.589738e-01
 2.331543e+01  7.633116e-01
 2.337646e+01  7.698771e-01
 2.343750e+01  7.601783e-01
 2.349854e+01  7.701458e-01
 2.355957e+01  7.760388e-01
 2.362061e+01  7.785182e-01
 2.368164e+01  7.750100e-01
 2.374268e+01  7.693645e-01
 2.380371e+01  7.823361e-01
 2.386475e+01  7.766689e-01
 2.392578e+01  7.820386e-01
 2.398682e+01  7.967679e-01
 2.404785e+01  8.023818e-01
 2.410889e+01  7.966876e-01
 2.416992e+01  7.901675e-01
 2.423096e+01  8.015509e-01
 2.429199e+01  8.022397e-01
 2.435303e+01  7.949222e-01
 2.441406e+01  8.012180e-01
 2.447510e+01  8.088204e-01
 2.453613e+01  8.199412e-01
 2.459717e+01  8.109366e-01
 2.465820e+01  8.215095e-01
 2.471924e+01  8.320562e-01
 2.478027e+01  8.205431e-01
 2.484131e+01  8.241822e-01
 2.490234e+01  8.340296e-01
 2.496338e+01  8.316435e-01
 2.502441e+01  8.344051e-01
 2.508545e+01  8.314676e-01
 2.514648e+01  8.403687e-01
 2.520752e+01  8.408392e-01
 2.526855e+01  8.328867e-01
 2.532959e+01  8.463408e-01
 2.539062e+01  8.459089e-01
 2.545166e+01  8.305010e-01
 2.551270e+01  8.380486e-01
 2.557373e+01  8.411863e-01
 2.563477e+01  8.333439e-01
 2.569580e+01  8.438953e-01
 2.575684e+01  8.459803e-01
 2.581787e+01  8.423079e-01
 2.587891e+01  8.323190e-01
 2.593994e+01  8.452271e-01
 2.600098e+01  8.454602e-01
 2.606201e+01  8.295918e-01
 2.612305e+01  8.522127e-01
 2.618408e+01  8.440788e-01
 2.624512e+01  8.380678e-01
 2.630615e+01  8.426149e-01
 2.636719e+01  8.468752e-01
 2.642822e+01  8.373179e-01
 2.648926e+01  8.434281e-01
 2.655029e+01  8.421585e-01
 2.661133e+01  8.344355e-01
 2.667236e+01  8.419637e-01
 2.673340e+01  8.329366e-01
 2.679443e+01  8.293563e-01
 2.685547e+01  8.324181e-01
 2.691650e+01  8.319145e-01
 2.697754e+01  8.184983e-01
 2.703857e+01  8.211849e-01
 2.709961e+01  8.199422e-01
 2.716064e+01  8.131169e-01
 2.722168e+01  8.209724e-01
 2.728271e+01  8.172379e-01
 2.734375e+01  8.126240e-01
 2.740479e+01  8.184040e-01
 2.746582e+01  8.167071e-01
 2.752686e+01  8.114587e-01
 2.758789e+01  8.150136e-01
 2.764893e+01  8.140977e-01
 2.770996e+01  8.126066e-01
 2.777100e+01  8.067702e-01
 2.783203e+01  8.094171e-01
 2.789307e+01  8.037468e-01
 2.795410e+01  8.065267e-01
 2.801514e+01  8.064576e-01
 2.807617e+01  7.988738e-01
 2.813721e+01  8.064102e-01
 2.819824e+01  8.099538e-01
 2.825928e+01  8.020161e-01
 2.832031e+01  8.053908e-01
 2.838135e+01  8.069063e-01
 2.844238e+01  8.040594e-01
 2.850342e+01  8.126267e-01
 2.856445e+01  8.055713e-01
 2.862549e+01  8.102757e-01
 2.868652e+01  8.014951e-01
 2.874756e+01  8.001372e-01
 2.880859e+01  8.126777e-01
 2.886963e+01  7.982184e-01
 2.893066e+01  7.924942e-01
 2.899170e+01  8.133925e-01
 2.905273e+01  7.967764e-01
 2.911377e+01  7.994102e-01
 2.917480e+01  8.013638e-01
 2.923584e+01  8.006880e-01
 2.929688e+01  8.041842e-01
 2.935791e+01  8.022355e-01
 2.941895e+01  8.087072e-01
 2.947998e+01  8.122857e-01
 2.954102e+01  7.964616e-01
 2.960205e+01  8.093042e-01
 2.966309e+01  8.149325e-01
 2.972412e+01  8.097162e-01
 2.978516e+01  8.063906e-01
 2.984619e+01  8.141090e-01
 2.990723e+01  8.094282e-01
 2.996826e+01  8.118445e-01
 3.002930e+01  8.088293e-01
 3.009033e+01  8.151723e-01
 3.015137e+01  8.188056e-01
 3.021240e+01  8.046407e-01
 3.027344e+01  8.219206e-01
 3.033447e+01  8.184841e-01
 3.039551e+01  8.092793e-01
 3.045654e+01  8.196425e-01
 3.051758e+01  8.118328e-01
 3.057861e+01  8.280075e-01
 3.063965e+01  8.210604e-01
 3.070068e+01  8.155726e-01
 3.076172e+01  8.246309e-01
 3.082275e+01  8.152233e-01
 3.088379e+01  8.246292e-01
 3.094482e+01  8.120320e-01
 3.100586e+01  8.198621e-01
 3.106689e+01  8.263215e-01
 3.112793e+01  8.118755e-01
 3.118896e+01  8.232620e-01
 3.125000e+01  8.204561e-01
 3.131104e+01  8.331248e-01
 3.137207e+01  8.272186e-01
 3.143311e+01  8.200264e-01
 3.149414e+01  8.233436e-01
 3.155518e+01  8.278588e-01
 3.161621e+01  8.309305e-01
 3.167725e+01  8.205135e-01
 3.173828e+01  8.276137e-01
 3.179932e+01  8.249315e-01
 3.186035e+01  8.308708e-01
 3.192139e+01  8.216545e-01
 3.198242e+01  8.277786e-01
 3.204346e+01  8.261129e-01
 3.210449e+01  8.307368e-01
 3.216553e+01  8.334528e-01
 3.222656e+01  8.241234e-01
 3.228760e+01  8.265629e-01
 3.234863e+01  8.302197e-01
 3.240967e+01  8.325718e-01
 3.247070e+01  8.325596e-01
 3.253174e+01  8.323565e-01
 3.259277e+01  8.266977e-01
 3.265381e+01  8.329082e-01
 3.271484e+01  8.283432e-01
 3.277588e+01  8.320859e-01
 3.283691e+01  8.175707e-01
 3.289795e+01  8.288446e-01
 3.295898e+01  8.236600e-01
 3.302002e+01  8.293765e-01
 3.308105e+01  8.253222e-01
 3.314209e+01  8.176826e-01
 3.320312e+01  8.321183e-01
 3.326416e+01  8.221608e-01
 3.332520e+01  8.372875e-01
 3.338623e+01  8.165619e-01
 3.344727e+01  8.275774e-01
 3.350830e+01  8.183895e-01
 3.356934e+01  8.281316e-01
 3.363037e+01  8.321151e-01
 3.369141e+01  8.273754e-01
 3.375244e+01  8.242212e-01
 3.381348e+01  8.245396e-01
 3.387451e+01  8.251246e-01
 3.393555e+01  8.305667e-01
 3.399658e+01  8.275704e-01
 3.405762e+01  8.311145e-01
 3.411865e+01  8.190972e-01
 3.417969e+01  8.297731e-01
 3.424072e+01  8.217503e-01
 3.430176e+01  8.372208e-01
 3.436279e+01  8.208982e-01
 3.442383e+01  8.282827e-01
 3.448486e+01  8.117805e-01
 3.454590e+01  8.178077e-01
 3.460693e+01  8.230021e-01
 3.466797e+01  8.304427e-01
 3.472900e+01  8.291251e-01
 3.479004e+01  8.250285e-01
 3.485107e+01  8.133983e-01
 3.491211e+01  8.166403e-01
 3.497314e+01  8.087831e-01
 3.503418e+01  8.230551e-01
 3.509521e+01  8.126249e-01
 3.515625e+01  8.268219e-01
 3.521729e+01  8.160838e-01
 3.527832e+01  8.226356e-01
 3.533936e+01  8.144951e-01
 3.540039e+01  8.173898e-01
 3.546143e+01  8.160059e-01
 3.552246e+01  8.191359e-01
 3.558350e+01  8.151288e-01
 3.564453e+01  8.159822e-01
 3.570557e+01  7.990472e-01
 3.576660e+01  8.101532e-01
 3.582764e+01  8.047971e-01
 3.588867e+01  8.132371e-01
 3.594971e+01  8.133540e-01
 3.601074e+01  8.079037e-01
 3.607178e+01  8.031186e-01
 3.613281e+01  7.933998e-01
 3.619385e+01  8.008813e-01
 3.625488e+01  7.920529e-01
 3.631592e+01  7.974789e-01
 3.637695e+01  7.955213e-01
 3.643799e+01  7.959446e-01
 3.649902e+01  7.948386e-01
 3.656006e+01  7.918832e-01
 3.662109e+01  7.869930e-01
 3.668213e+01  7.827982e-01
 3.674316e+01  7.785013e-01
 3.680420e+01  7.773820e-01
 3.686523e+01  7.820212e-01
 3.692627e+01  7.794101e-01
 3.698730e+01  7.862169e-01
 3.704834e+01  7.667611e-01
 3.710938e+01  7.819761e-01
 3.717041e+01  7.660345e-01
 3.723145e+01  7.716189e-01
 3.729248e+01  7.697744e-01
 3.735352e+01  7.670941e-01
 3.741455e+01  7.736147e-01
 3.747559e+01  7.695403e-01
 3.753662e+01  7.698515e-01
 3.759766e+01  7.664597e-01
 3.765869e+01  7.688327e-01
 3.771973e+01  7.609237e-01
 3.778076e+01  7.681057e-01
 3.784180e+01  7.527620e-01
 3.790283e+01  7.558815e-01
 3.796387e+01  7.590719e-01
 3.802490e+01  7.559109e-01
 3.808594e+01  7.672716e-01
 3.814697e+01  7.588277e-01
 3.820801e+01  7.607009e-01
 3.826904e+01  7.665532e-01
 3.833008e+01  7.594421e-01
 3.839111e+01  7.716247e-01
 3.845215e+01  7.614687e-01
 3.851318e+01  7.605274e-01
 3.857422e+01  7.612868e-01
 3.863525e+01  7.606708e-01
 3.869629e+01  7.608724e-01
 3.875732e+01  7.619038e-01
 3.881836e+01  7.636484e-01
 3.887939e+01  7.611190e-01
 3.894043e+01  7.654583e-01
 3.900146e+01  7.656963e-01
 3.906250e+01  7.684325e-01
 3.912354e+01  7.711115e-01
 3.918457e+01  7.630392e-01
 3.924561e+01  7.764307e-01
 3.930664e+01  7.688076e-01
 3.936768e+01  7.730281e-01
 3.942871e+01  7.773352e-01
 3.948975e+01  7.699341e-01
 3.955078e+01  7.761318e-01
 3.961182e+01  7.743997e-01
 3.967285e+01  7.751215e-01
 3.973389e+01  7.786279e-01
 3.979492e+01  7.784588e-01
 3.985596e+01  7.793808e-01
 3.991699e+01  7.798834e-01
 3.997803e+01  7.849914e-01
 4.003906e+01  7.809343e-01
 4.010010e+01  7.877134e-01
 4.016113e+01  7.890900e-01
 4.022217e+01  7.838706e-01
 4.028320e+01  7.911353e-01
 4.034424e+01  7.882178e-01
 4.040527e+01  7.850628e-01
 4.046631e+01  7.960638e-01
 4.052734e+01  7.911339e-01
 4.058838e+01  7.883260e-01
 4.064941e+01  7.983448e-01
 4.071045e+01  7.961035e-01
 4.077148e+01  7.941864e-01
 4.083252e+01  7.971074e-01
 4.089355e+01  7.955875e-01
 4.095459e+01  7.970950e-01
 4.101562e+01  8.012055e-01
 4.107666e+01  7.989615e-01
 4.113770e+01  7.990597e-01
 4.119873e+01  7.968182e-01
 4.125977e+01  8.027582e-01
 4.132080e+01  8.022354e-01
 4.138184e+01  8.128928e-01
 4.144287e+01  8.097209e-01
 4.150391e+01  8.046611e-01
 4.156494e+01  8.097419e-01
 4.162598e+01  8.127665e-01
 4.168701e+01  8.111527e-01
 4.174805e+01  8.220290e-01
 4.180908e+01  8.241815e-01
 4.187012e+01  8.179027e-01
 4.193115e+01  8.266974e-01
 4.199219e+01  8.254976e-01
 4.205322e+01  8.184095e-01
 4.211426e+01  8.248140e-01
 4.217529e+01  8.296619e-01
 4.223633e+01  8.247944e-01
 4.229736e+01  8.345779e-01
 4.235840e+01  8.296818e-01
 4.241943e+01  8.265556e-01
 4.248047e+01  8.283622e-01
 4.254150e+01  8.270202e-01
 4.260254e+01  8.327960e-01
 4.266357e+01  8.339560e-01
 4.272461e+01  8.330437e-01
 4.278564e+01  8.323773e-01
 4.284668e+01  8.312882e-01
 4.290771e+01  8.244745e-01
 4.296875e+01  8.297650e-01
 4.302979e+01  8.319995e-01
 4.309082e+01  8.269737e-01
 4.315186e+01  8.296900e-01
 4.321289e+01  8.323775e-01
 4.327393e+01  8.240475e-01
 4.333496e+01  8.262511e-01
 4.339600e+01  8.393696e-01
 4.345703e+01  8.341197e-01
 4.351807e+01  8.275129e-01
 4.357910e+01  8.303174e-01
 4.364014e+01  8.305565e-01
 4.370117e+01  8.263233e-01
 4.376221e+01  8.334271e-01
 4.382324e+01  8.345619e-01
 4.388428e+01  8.254142e-01
 4.394531e+01  8.359572e-01
 4.400635e+01  8.371807e-01
 4.406738e+01  8.283399e-01
 4.412842e+01  8.279455e-01
 4.418945e+01  8.368526e-01
 4.425049e+01  8.356687e-01
 4.431152e+01  8.295718e-01
 4.437256e+01  8.294857e-01
 4.443359e+01  8.328579e-01
 4.449463e+01  8.358669e-01
 4.455566e+01  8.280091e-01
 4.461670e+01  8.312521e-01
 4.467773e+01  8.403472e-01
 4.473877e+01  8.354816e-01
 4.479980e+01  8.266633e-01
 4.486084e+01  8.292176e-01
 4.492188e+01  8.331571e-01
 4.498291e+01  8.282827e-01
 4.504395e+01  8.267224e-01
 4.510498e+01  8.300852e-01
 4.516602e+01  8.282352e-01
 4.522705e+01  8.217928e-01
 4.528809e+01  8.228241e-01
 4.534912e+01  8.288080e-01
 4.541016e+01  8.196290e-01
 4.547119e+01  8.093036e-01
 4.553223e+01  8.138438e-01
 4.559326e+01  8.158282e-01
 4.565430e+01  8.117481e-01
 4.571533e+01  8.060744e-01
 4.577637e+01  8.144829e-01
 4.583740e+01  8.130572e-01
 4.589844e+01  8.086042e-01
 4.595947e+01  8.261751e-01
 4.602051e+01  9.911052e-01
 4.608154e+01  9.999999e-01
 4.614258e+01  8.348034e-01
 4.620361e+01  8.224899e-01
 4.626465e+01  8.252767e-01
 4.632568e+01  8.182573e-01
 4.638672e+01  8.183177e-01
 4.644775e+01  8.192633e-01
 4.650879e+01  8.232934e-01
 4.656982e+01  8.246671e-01
 4.663086e+01  8.241284e-01
 4.669189e+01  8.265167e-01
 4.675293e+01  8.258370e-01
 4.681396e+01  8.256031e-01
 4.687500e+01  8.264133e-01
 4.693604e+01  8.274593e-01
 4.699707e+01  8.308235e-01
 4.705811e+01  8.298009e-01
 4.711914e+01  8.310231e-01
 4.718018e+01  8.321479e-01
 4.724121e+01  8.318650e-01
 4.730225e+01  8.344488e-01
 4.736328e+01  8.318359e-01
 4.742432e+01  8.289982e-01
 4.748535e+01  8.271211e-01
 4.754639e+01  8.280867e-01
 4.760742e+01  8.298538e-01
 4.766846e+01  8.266240e-01
 4.772949e+01  8.206813e-01
 4.779053e+01  8.188339e-01
 4.785156e+01  8.194227e-01
 4.791260e+01  8.208345e-01
 4.797363e+01  8.179339e-01
 4.803467e+01  8.275905e-01
 4.809570e+01  9.867623e-01
 4.815674e+01  9.943171e-01
 4.821777e+01  8.380973e-01
 4.827881e+01  8.196108e-01
 4.833984e+01  8.176937e-01
 4.840088e+01  8.189363e-01
 4.846191e+01  8.121901e-01
 4.852295e+01  8.079296e-01
 4.858398e+01  8.103189e-01
 4.864502e+01  8.124598e-01
 4.870605e+01  8.117111e-01
 4.876709e+01  8.081999e-01
 4.882812e+01  8.031873e-01
 4.888916e+01  8.072757e-01
 4.895020e+01  8.054423e-01
 4.901123e+01  8.046229e-01
 4.907227e+01  8.019311e-01
 4.913330e+01  8.041947e-01
 4.919434e+01  8.072150e-01
 4.925537e+01  8.091059e-01
 4.931641e+01  8.051982e-01
 4.937744e+01  8.027254e-01
 4.943848e+01  8.015147e-01
 4.949951e+01  8.043587e-01
 4.956055e+01  8.038288e-01
 4.962158e+01  7.984226e-01
 4.968262e+01  7.936622e-01
 4.974365e+01  7.959341e-01
 4.980469e+01  7.941123e-01
 4.986572e+01  7.915680e-01
 4.992676e+01  7.897332e-01
 4.998779e+01  7.910544e-01
 5.004883e+01  7.949191e-01
 5.010986e+01  7.938750e-01
 5.017090e+01  7.946270e-01
 5.023193e+01  7.787961e-01
 5.029297e+01  7.810803e-01
 5.035400e+01  7.783702e-01
 5.041504e+01  7.759706e-01
 5.047607e+01  7.736024e-01
 5.053711e+01  7.739105e-01
 5.059814e+01  7.730280e-01
 5.065918e+01  7.703247e-01
 5.072021e+01  7.668715e-01
 5.078125e+01  7.638750e-01
 5.084229e+01  7.629886e-01
 5.090332e+01  7.655808e-01
 5.096436e+01  7.634944e-01
 5.102539e+01  7.585861e-01
 5.108643e+01  7.558924e-01
 5.114746e+01  7.511161e-01
 5.120850e+01  7.502537e-01
 5.126953e+01  7.558903e-01
 5.133057e+01  7.540116e-01
 5.139160e+01  7.520513e-01
 5.145264e+01  7.486504e-01
 5.151367e+01  7.426898e-01
 5.157471e+01  7.433369e-01
 5.163574e+01  7.476338e-01
 5.169678e+01  7.460339e-01
 5.175781e+01  7.405333e-01
 5.181885e+01  7.369235e-01
 5.187988e+01  7.356272e-01
 5.194092e+01  7.380315e-01
 5.200195e+01  7.422634e-01
 5.206299e+01  7.406983e-01
 5.212402e+01  7.389197e-01
 5.218506e+01  7.345297e-01
 5.224609e+01  7.300621e-01
 5.230713e+01  7.289113e-01
 5.236816e+01  7.316637e-01
 5.242920e+01  7.342234e-01
 5.249023e+01  7.294939e-01
 5.255127e+01  7.226975e-01
 5.261230e+01  7.147353e-01
 5.267334e+01  7.124479e-01
 5.273438e+01  7.157266e-01
 5.279541e+01  7.315512e-01
 5.285645e+01  7.338128e-01
 5.291748e+01  7.138768e-01
 5.297852e+01  7.057378e-01
 5.303955e+01  6.991293e-01
 5.310059e+01  6.989662e-01
 5.316162e+01  6.999543e-01
 5.322266e+01  6.995975e-01
 5.328369e+01  6.999018e-01
 5.334473e+01  6.934368e-01
 5.340576e+01  6.881269e-01
 5.346680e+01  6.843769e-01
 5.352783e+01  6.820763e-01
 5.358887e+01  6.822336e-01
 5.364990e+01  6.844645e-01
 5.371094e+01  6.842980e-01
 5.377197e+01  6.813871e-01
 5.383301e+01  6.801369e-01
 5.389404e+01  6.754642e-01
 5.395508e+01  6.690540e-01
 5.401611e+01  6.673651e-01
 5.407715e+01  6.678947e-01
 5.413818e+01  6.679863e-01
 5.419922e+01  6.688429e-01
 5.426025e+01  6.691244e-01
 5.432129e+01  6.624674e-01
 5.438232e+01  6.544080e-01
 5.444336e+01  6.500679e-01
 5.450439e+01  6.480801e-01
 5.456543e+01  6.455390e-01
 5.462646e+01  6.483294e-01
 5.468750e+01  6.489477e-01
 5.474854e+01  6.476794e-01
 5.480957e+01  6.452316e-01
 5.487061e+01  6.429012e-01
 5.493164e+01  6.391551e-01
 5.499268e+01  6.343134e-01
 5.505371e+01  6.333156e-01
 5.511475e+01  6.296509e-01
 5.517578e+01  6.269001e-01
 5.523682e+01  6.269302e-01
 5.529785e+01  6.269677e-01
 5.535889e+01  6.233274e-01
 5.541992e+01  6.223991e-01
 5.548096e+01  6.208053e-01
 5.554199e+01  6.178156e-01
 5.560303e+01  6.142729e-01
 5.566406e+01  6.119155e-01
 5.572510e+01  6.123140e-01
 5.578613e+01  6.100214e-01
 5.584717e+01  6.089026e-01
 5.590820e+01  6.078838e-01
 5.596924e+01  6.056348e-01
 5.603027e+01  6.010892e-01
 5.609131e+01  5.993491e-01
 5.615234e+01  5.960165e-01
 5.621338e+01  5.920901e-01
 5.627441e+01  5.881127e-01
 5.633545e+01  5.871451e-01
 5.639648e+01  5.828701e-01
 5.645752e+01  5.803565e-01
 5.651855e+01  5.783183e-01
 5.657959e+01  5.736205e-01
 5.664062e+01  5.711501e-01
 5.670166e+01  5.638463e-01
 5.676270e+01  5.614468e-01
 5.682373e+01  5.562268e-01
 5.688477e+01  5.518860e-01
 5.694580e+01  5.490611e-01
 5.700684e+01  5.488766e-01
 5.706787e+01  5.486960e-01
 5.712891e+01  5.465075e-01
 5.718994e+01  5.472029e-01
 5.725098e+01  5.452741e-01
 5.731201e+01  5.422205e-01
 5.737305e+01  5.367851e-01
 5.743408e+01  5.332412e-01
 5.749512e+01  5.283501e-01
 5.755615e+01  5.203038e-01
 5.761719e+01  5.146111e-01
 5.767822e+01  5.073647e-01
 5.773926e+01  5.030766e-01
 5.780029e+01  4.950034e-01
 5.786133e+01  4.921887e-01
 5.792236e+01  4.905004e-01
 5.798340e+01  4.901391e-01
 5.804443e+01  4.924287e-01
 5.810547e+01  4.961337e-01
 5.816650e+01  5.012854e-01
 5.822754e+01  5.093447e-01
 5.828857e+01  5.149292e-01
 5.834961e+01  5.234371e-01
 5.841064e+01  5.311094e-01
 5.847168e+01  5.397583e-01
 5.853271e+01  5.462205e-01
 5.859375e+01  5.526406e-01
 5.865479e+01  5.601532e-01
 5.871582e+01  5.640878e-01
 5.877686e+01  5.674065e-01
 5.883789e+01  5.700942e-01
 5.889893e+01  5.717560e-01
 5.895996e+01  5.701342e-01
 5.902100e+01  5.686430e-01
 5.908203e+01  5.669591e-01
 5.914307e+01  5.638135e-01
 5.920410e+01  5.596736e-01
 5.926514e+01  5.515904e-01
 5.932617e+01  5.478127e-01
 5.938721e+01  5.416074e-01
 5.944824e+01  5.346734e-01
 5.950928e+01  5.249599e-01
 5.957031e+01  5.165811e-01
 5.963135e+01  5.062059e-01
 5.969238e+01  4.959201e-01
 5.975342e+01  4.830799e-01
 5.981445e+01  4.702226e-01
 5.987549e+01  4.586609e-01
 5.993652e+01  4.457303e-01
 5.999756e+01  4.305149e-01
 6.005859e+01  4.161715e-01
 6.011963e+01  4.030478e-01
 6.018066e+01  3.891844e-01
 6.024170e+01  3.715879e-01
 6.030273e+01  3.557240e-01
 6.036377e+01  3.410342e-01
 6.042480e+01  3.261397e-01
 6.048584e+01  3.113017e-01
 6.054688e+01  2.928944e-01
 6.060791e+01  2.798784e-01
 6.066895e+01  2.678429e-01
 6.072998e+01  2.546430e-01
 6.079102e+01  2.381110e-01
 6.085205e+01  2.261843e-01
 6.091309e+01  2.179118e-01
 6.097412e+01  2.055599e-01
 6.103516e+01  1.945961e-01
 6.109619e+01  1.830796e-01
 6.115723e+01  1.744542e-01
 6.121826e+01  1.635801e-01
 6.127930e+01  1.539423e-01
 6.134033e+01  1.456265e-01
 6.140137e+01  1.403465e-01
 6.146240e+01  1.357898e-01
 6.152344e+01  1.291431e-01
 6.158447e+01  1.201890e-01
 6.164551e+01  1.161857e-01
 6.170654e+01  1.120980e-01
 6.176758e+01  1.029798e-01
 6.182861e+01  9.719728e-02
 6.188965e+01  9.122004e-02
 6.195068e+01  8.957797e-02
 6.201172e+01  8.247364e-02
 6.207275e+01  7.803135e-02
 6.213379e+01  7.903482e-02
 6.219482e+01  7.840657e-02
 6.225586e+01  7.017279e-02
 6.231689e+01  6.726764e-02
 6.237793e+01  6.852975e-02
 6.243896e+01  6.433126e-02
 6.250000e+01  5.768985e-02
 6.256104e+01  5.665616e-02
 6.262207e+01  5.727341e-02
 6.268311e+01  5.481461e-02
 6.274414e+01  5.053972e-02
 6.280518e+01  5.156754e-02
 6.286621e+01  4.907473e-02
 6.292725e+01  4.941133e-02
 6.298828e+01  4.491574e-02
 6.304932e+01  4.369900e-02
 6.311035e+01  4.372622e-02
 6.317139e+01  4.179599e-02
 6.323242e+01  3.976722e-02
 6.329346e+01  3.822334e-02
 6.335449e+01  3.834935e-02
 6.341553e+01  3.666684e-02
 6.347656e+01  3.631742e-02
 6.353760e+01  3.491067e-02
 6.359863e+01  3.527866e-02
 6.365967e+01  3.350020e-02
 6.372070e+01  3.207465e-02
 6.378174e+01  3.136633e-02
 6.384277e+01  3.109225e-02
 6.390381e+01  3.022615e-02
 6.396484e+01  2.922854e-02
 6.402588e+01  2.874688e-02
 6.408691e+01  2.867666e-02
 6.414795e+01  2.764618e-02
 6.420898e+01  2.660909e-02
 6.427002e+01  2.681877e-02
 6.433105e+01  2.650828e-02
 6.439209e+01  2.504089e-02
 6.445312e+01  2.432463e-02
 6.451416e+01  2.414741e-02
 6.457520e+01  2.371075e-02
 6.463623e+01  2.316126e-02
 6.469727e+01  2.281250e-02
 6.475830e+01  2.259296e-02
 6.481934e+01  2.214710e-02
 6.488037e+01  2.153621e-02
 6.494141e+01  2.129038e-02
 6.500244e+01  2.113983e-02
 6.506348e+01  2.092321e-02
 6.512451e+01  2.038273e-02
 6.518555e+01  2.012439e-02
 6.524658e+01  2.004291e-02
 6.530762e+01  1.981318e-02
 6.536865e+01  1.951707e-02
 6.542969e+01  1.935791e-02
 6.549072e+01  1.933770e-02
 6.555176e+01  1.912836e-02
 6.561279e+01  1.884037e-02
 6.567383e+01  1.870408e-02
 6.573486e+01  1.865736e-02
 6.579590e+01  1.842388e-02
 6.585693e+01  1.822601e-02
 6.591797e+01  1.809794e-02
 6.597900e+01  1.802936e-02
 6.604004e+01  1.781584e-02
 6.610107e+01  1.765919e-02
 6.616211e+01  1.755807e-02
 6.622314e+01  1.747602e-02
 6.628418e+01  1.722765e-02
 6.634521e+01  1.701599e-02
 6.640625e+01  1.688354e-02
 6.646729e+01  1.677247e-02
 6.652832e+01  1.645331e-02
 6.658936e+01  1.624007e-02
 6.665039e+01  1.607166e-02
 6.671143e+01  1.588103e-02
 6.677246e+01  1.564403e-02
 6.683350e+01  1.541806e-02
 6.689453e+01  1.528461e-02
 6.695557e+01  1.505062e-02
 6.701660e+01  1.484452e-02
 6.707764e+01  1.457772e-02
 6.713867e+01  1.437934e-02
 6.719971e+01  1.422021e-02
 6.726074e+01  1.397754e-02
 6.732178e+01  1.385460e-02
 6.738281e+01  1.368640e-02
 6.744385e+01  1.351042e-02
 6.750488e+01  1.333577e-02
 6.756592e+01  1.327061e-02
 6.762695e+01  1.311266e-02
 6.768799e+01  1.299800e-02
 6.774902e+01  1.293152e-02
 6.781006e+01  1.289463e-02
 6.787109e+01  1.279557e-02
 6.793213e+01  1.269322e-02
 6.799316e+01  1.266456e-02
 6.805420e+01  1.271429e-02
 6.811523e+01  1.256976e-02
 6.817627e+01  1.256432e-02
 6.823730e+01  1.249163e-02
 6.829834e+01  1.254026e-02
 6.835938e+01  1.244914e-02
 6.842041e+01  1.241560e-02
 6.848145e+01  1.238176e-02
 6.854248e+01  1.235610e-02
 6.860352e+01  1.229480e-02
 6.866455e+01  1.224238e-02
 6.872559e+01  1.220764e-02
 6.878662e+01  1.214313e-02
 6.884766e+01  1.205831e-02
 6.890869e+01  1.198188e-02
 6.896973e+01  1.187472e-02
 6.903076e+01  1.181574e-02
 6.909180e+01  1.172439e-02
 6.915283e+01  1.158780e-02
 6.921387e+01  1.148346e-02
 6.927490e+01  1.133760e-02
 6.933594e+01  1.120934e-02
 6.939697e+01  1.110162e-02
 6.945801e+01  1.096241e-02
 6.951904e+01  1.082331e-02
 6.958008e+01  1.070696e-02
 6.964111e+01  1.054028e-02
 6.970215e+01  1.040826e-02
 6.976318e+01  1.027281e-02
 6.982422e+01  1.016858e-02
 6.988525e+01  1.003483e-02
 6.994629e+01  9.928760e-03
 7.000732e+01  9.846428e-03
 7.006836e+01  9.780766e-03
 7.012939e+01  9.673264e-03
 7.019043e+01  9.596197e-03
 7.025146e+01  9.543535e-03
 7.031250e+01  9.468646e-03
 7.037354e+01  9.479237e-03
 7.043457e+01  9.435763e-03
 7.049561e+01  9.444497e-03
 7.055664e+01  9.392582e-03
 7.061768e+01  9.375096e-03
 7.067871e+01  9.398408e-03
 7.073975e+01  9.387492e-03
 7.080078e+01  9.361899e-03
 7.086182e+01  9.410609e-03
 7.092285e+01  9.382034e-03
 7.098389e+01  9.388953e-03
 7.104492e+01  9.375350e-03
 7.110596e+01  9.375644e-03
 7.116699e+01  9.374243e-03
 7.122803e+01  9.369444e-03
 7.128906e+01  9.334519e-03
 7.135010e+01  9.285271e-03
 7.141113e+01  9.314171e-03
 7.147217e+01  9.245140e-03
 7.153320e+01  9.213092e-03
 7.159424e+01  9.117304e-03
 7.165527e+01  9.104622e-03
 7.171631e+01  9.046414e-03
 7.177734e+01  8.949998e-03
 7.183838e+01  8.855877e-03
 7.189941e+01  8.765917e-03
 7.196045e+01  8.693313e-03
 7.202148e+01  8.599742e-03
 7.208252e+01  8.472468e-03
 7.214355e+01  8.423520e-03
 7.220459e+01  8.310246e-03
 7.226562e+01  8.206398e-03
 7.232666e+01  8.105338e-03
 7.238770e+01  8.026254e-03
 7.244873e+01  7.927480e-03
 7.250977e+01  7.844679e-03
 7.257080e+01  7.761712e-03
 7.263184e+01  7.702435e-03
 7.269287e+01  7.654422e-03
 7.275391e+01  7.592234e-03
 7.281494e+01  7.551041e-03
 7.287598e+01  7.509735e-03
 7.293701e+01  7.480619e-03
 7.299805e+01  7.461737e-03
 7.305908e+01  7.465693e-03
 7.312012e+01  7.480309e-03
 7.318115e+01  7.462251e-03
 7.324219e+01  7.474114e-03
 7.330322e+01  7.489178e-03
 7.336426e+01  7.495916e-03
 7.342529e+01  7.515267e-03
 7.348633e+01  7.522093e-03
 7.354736e+01  7.559433e-03
 7.360840e+01  7.551630e-03
 7.366943e+01  7.563932e-03
 7.373047e+01  7.580111e-03
 7.379150e+01  7.602839e-03
 7.385254e+01  7.590167e-03
 7.391357e+01  7.582827e-03
 7.397461e+01  7.564084e-03
 7.403564e+01  7.549614e-03
 7.409668e+01  7.522065e-03
 7.415771e+01  7.483253e-03
 7.421875e+01  7.440458e-03
 7.427979e+01  7.380854e-03
 7.434082e+01  7.339807e-03
 7.440186e+01  7.312849e-03
 7.446289e+01  7.229550e-03
 7.452393e+01  7.142366e-03
 7.458496e+01  7.082993e-03
 7.464600e+01  7.039774e-03
 7.470703e+01  6.951828e-03
 7.476807e+01  6.866455e-03
 7.482910e+01  6.791118e-03
 7.489014e+01  6.718719e-03
 7.495117e+01  6.631550e-03
 7.501221e+01  6.554730e-03
 7.507324e+01  6.503724e-03
 7.513428e+01  6.435539e-03
 7.519531e+01  6.367476e-03
 7.525635e+01  6.336982e-03
 7.531738e+01  6.299603e-03
 7.537842e+01  6.270953e-03
 7.543945e+01  6.237549e-03
 7.550049e+01  6.218536e-03
 7.556152e+01  6.207497e-03
 7.562256e+01  6.190733e-03
 7.568359e+01  6.195931e-03
 7.574463e+01  6.214471e-03
 7.580566e+01  6.217502e-03
 7.586670e+01  6.226443e-03
 7.592773e+01  6.245788e-03
 7.598877e+01  6.277736e-03
 7.604980e+01  6.292701e-03
 7.611084e+01  6.296820e-03
 7.617188e+01  6.333770e-03
 7.623291e+01  6.353031e-03
 7.629395e+01  6.359686e-03
 7.635498e+01  6.372063e-03
 7.641602e+01  6.395495e-03
 7.647705e+01  6.392761e-03
 7.653809e+01  6.384626e-03
 7.659912e+01  6.377852e-03
 7.666016e+01  6.384864e-03
 7.672119e+01  6.351029e-03
 7.678223e+01  6.321715e-03
 7.684326e+01  6.302532e-03
 7.690430e+01  6.264766e-03
 7.696533e+01  6.208988e-03
 7.702637e+01  6.183031e-03
 7.708740e+01  6.129873e-03
 7.714844e+01  6.054635e-03
 7.720947e+01  6.009011e-03
 7.727051e+01  5.956829e-03
 7.733154e+01  5.891012e-03
 7.739258e+01  5.821268e-03
 7.745361e+01  5.757803e-03
 7.751465e+01  5.702862e-03
 7.757568e+01  5.640938e-03
 7.763672e+01  5.578273e-03
 7.769775e+01  5.522113e-03
 7.775879e+01  5.481341e-03
 7.781982e+01  5.427451e-03
 7.788086e+01  5.387042e-03
 7.794189e+01  5.376375e-03
 7.800293e+01  5.355472e-03
 7.806396e+01  5.327636e-03
 7.812500e+01  5.316207e-03
 7.818604e+01  5.316007e-03
 7.824707e+01  5.312178e-03
 7.830811e+01  5.315113e-03
 7.836914e+01  5.334730e-03
 7.843018e+01  5.351982e-03
 7.849121e+01  5.365490e-03
 7.855225e+01  5.387379e-03
 7.861328e+01  5.407606e-03
 7.867432e+01  5.418350e-03
 7.873535e+01  5.434392e-03
 7.879639e+01  5.482232e-03
 7.885742e+01  5.500235e-03
 7.891846e+01  5.505292e-03
 7.897949e+01  5.525996e-03
 7.904053e+01  5.534873e-03
 7.910156e+01  5.541475e-03
 7.916260e+01  5.535998e-03
 7.922363e+01  5.550115e-03
 7.928467e+01  5.535008e-03
 7.934570e+01  5.491681e-03
 7.940674e+01  5.505897e-03
 7.946777e+01  5.483507e-03
 7.952881e+01  5.435717e-03
 7.958984e+01  5.413089e-03
 7.965088e+01  5.370681e-03
 7.971191e+01  5.328978e-03
 7.977295e+01  5.266389e-03
 7.983398e+01  5.230127e-03
 7.989502e+01  5.178776e-03
 7.995605e+01  5.125212e-03
 8.001709e+01  5.066162e-03
 8.007812e+01  5.022280e-03
 8.013916e+01  4.954344e-03
 8.020020e+01  4.921315e-03
 8.026123e+01  4.870344e-03
 8.032227e+01  4.832193e-03
 8.038330e+01  4.791022e-03
 8.044434e+01  4.752893e-03
 8.050537e+01  4.718580e-03
 8.056641e+01  4.707245e-03
 8.062744e+01  4.681385e-03
 8.068848e+01  4.676925e-03
 8.074951e+01  4.664641e-03
 8.081055e+01  4.654679e-03
 8.087158e+01  4.662728e-03
 8.093262e+01  4.686782e-03
 8.099365e+01  4.693702e-03
 8.105469e+01  4.701141e-03
 8.111572e+01  4.734800e-03
 8.117676e+01  4.750802e-03
 8.123779e+01  4.775451e-03
 8.129883e+01  4.802372e-03
 8.135986e+01  4.818039e-03
 8.142090e+01  4.829945e-03
 8.148193e+01  4.866490e-03
 8.154297e+01  4.881551e-03
 8.160400e+01  4.892895e-03
 8.166504e+01  4.888447e-03
 8.172607e+01  4.903902e-03
 8.178711e+01  4.917498e-03
 8.184814e+01  4.911491e-03
 8.190918e+01  4.904344e-03
 8.197021e+01  4.884053e-03
 8.203125e+01  4.865700e-03
 8.209229e+01  4.850337e-03
 8.215332e+01  4.828168e-03
 8.221436e+01  4.793904e-03
 8.227539e+01  4.755181e-03
 8.233643e+01  4.722857e-03
 8.239746e+01  4.682520e-03
 8.245850e+01  4.634293e-03
 8.251953e+01  4.593153e-03
 8.258057e+01  4.546376e-03
 8.264160e+01  4.502036e-03
 8.270264e+01  4.450834e-03
 8.276367e+01  4.408084e-03
 8.282471e+01  4.357559e-03
 8.288574e+01  4.325491e-03
 8.294678e+01  4.293968e-03
 8.300781e+01  4.260734e-03
 8.306885e+01  4.228202e-03
 8.312988e+01  4.207170e-03
 8.319092e+01  4.189944e-03
 8.325195e+01  4.176098e-03
 8.331299e+01  4.164017e-03
 8.337402e+01  4.165965e-03
 8.343506e+01  4.163988e-03
 8.349609e+01  4.172397e-03
 8.355713e+01  4.188018e-03
 8.361816e+01  4.201106e-03
 8.367920e+01  4.215398e-03
 8.374023e+01  4.239272e-03
 8.380127e+01  4.259429e-03
 8.386230e+01  4.282210e-03
 8.392334e+01  4.301469e-03
 8.398438e+01  4.327903e-03
 8.404541e+01  4.338507e-03
 8.410645e+01  4.370074e-03
 8.416748e+01  4.385207e-03
 8.422852e+01  4.386990e-03
 8.428955e+01  4.404042e-03
 8.435059e+01  4.417640e-03
 8.441162e+01  4.418283e-03
 8.447266e+01  4.415715e-03
 8.453369e+01  4.406934e-03
 8.459473e+01  4.393748e-03
 8.465576e+01  4.383638e-03
 8.471680e+01  4.366706e-03
 8.477783e+01  4.341780e-03
 8.483887e+01  4.312165e-03
 8.489990e+01  4.278243e-03
 8.496094e+01  4.250408e-03
 8.502197e+01  4.213058e-03
 8.508301e+01  4.176283e-03
 8.514404e+01  4.135513e-03
 8.520508e+01  4.092295e-03
 8.526611e+01  4.055094e-03
 8.532715e+01  4.014457e-03
 8.538818e+01  3.976194e-03
 8.544922e+01  3.937449e-03
 8.551025e+01  3.904887e-03
 8.557129e+01  3.873857e-03
 8.563232e+01  3.844934e-03
 8.569336e+01  3.820633e-03
 8.575439e+01  3.800286e-03
 8.581543e+01  3.791095e-03
 8.587646e+01  3.780194e-03
 8.593750e+01  3.776512e-03
 8.599854e+01  3.775616e-03
 8.605957e+01  3.781369e-03
 8.612061e+01  3.789875e-03
 8.618164e+01  3.801238e-03
 8.624268e+01  3.814422e-03
 8.630371e+01  3.834801e-03
 8.636475e+01  3.856690e-03
 8.642578e+01  3.874095e-03
 8.648682e+01  3.897740e-03
 8.654785e+01  3.920204e-03
 8.660889e+01  3.936177e-03
 8.666992e+01  3.956765e-03
 8.673096e+01  3.978442e-03
 8.679199e+01  3.993677e-03
 8.685303e+01  4.010534e-03
 8.691406e+01  4.020265e-03
 8.697510e+01  4.024418e-03
 8.703613e+01  4.027233e-03
 8.709717e+01  4.024523e-03
 8.715820e+01  4.018648e-03
 8.721924e+01  4.009052e-03
 8.728027e+01  3.995327e-03
 8.734131e+01  3.973649e-03
 8.740234e+01  3.956617e-03
 8.746338e+01  3.933522e-03
 8.752441e+01  3.905448e-03
 8.758545e+01  3.874188e-03
 8.764648e+01  3.840981e-03
 8.770752e+01  3.807747e-03
 8.776855e+01  3.770246e-03
 8.782959e+01  3.736000e-03
 8.789062e+01  3.697737e-03
 8.795166e+01  3.664476e-03
 8.801270e+01  3.630268e-03
 8.807373e+01  3.593749e-03
 8.813477e+01  3.565963e-03
 8.819580e+01  3.540446e-03
 8.825684e+01  3.516428e-03
 8.831787e+01  3.499272e-03
 8.837891e+01  3.482141e-03
 8.843994e+01  3.468252e-03
 8.850098e+01  3.462764e-03
 8.856201e+01  3.462874e-03
 8.862305e+01  3.464518e-03
 8.868408e+01  3.471586e-03
 8.874512e+01  3.479156e-03
 8.880615e+01  3.492363e-03
 8.886719e+01  3.510220e-03
 8.892822e+01  3.527694e-03
 8.898926e+01  3.546798e-03
 8.905029e+01  3.568964e-03
 8.911133e+01  3.584371e-03
 8.917236e+01  3.610519e-03
 8.923340e+01  3.623727e-03
 8.929443e+01  3.650811e-03
 8.935547e+01  3.668949e-03
 8.941650e+01  3.682128e-03
 8.947754e+01  3.690096e-03
 8.953857e+01  3.695732e-03
 8.959961e+01  3.712447e-03
 8.966064e+01  3.708104e-03
 8.972168e+01  3.704940e-03
 8.978271e+01  3.706345e-03
 8.984375e+01  3.699393e-03
 8.990479e+01  3.684656e-03
 8.996582e+01  3.668500e-03
 9.002686e+01  3.645355e-03
 9.008789e+01  3.619329e-03
 9.014893e+01  3.601616e-03
 9.020996e+01  3.570955e-03
 9.027100e+01  3.543094e-03
 9.033203e+01  3.510709e-03
 9.039307e+01  3.479195e-03
 9.045410e+01  3.446675e-03
 9.051514e+01  3.416135e-03
 9.057617e+01  3.379347e-03
 9.063721e+01  3.352500e-03
 9.069824e+01  3.323964e-03
 9.075928e+01  3.296530e-03
 9.082031e+01  3.271308e-03
 9.088135e+01  3.252049e-03
 9.094238e+01  3.234774e-03
 9.100342e+01  3.223574e-03
 9.106445e+01  3.213858e-03
 9.112549e+01  3.208537e-03
 9.118652e+01  3.209210e-03
 9.124756e+01  3.212824e-03
 9.130859e+01  3.216502e-03
 9.136963e+01  3.229688e-03
 9.143066e+01  3.243204e-03
 9.149170e+01  3.259314e-03
 9.155273e+01  3.274882e-03
 9.161377e+01  3.298140e-03
 9.167480e+01  3.313679e-03
 9.173584e+01  3.338170e-03
 9.179688e+01  3.357377e-03
 9.185791e+01  3.377056e-03
 9.191895e+01  3.394534e-03
 9.197998e+01  3.412605e-03
 9.204102e+01  3.426856e-03
 9.210205e+01  3.438373e-03
 9.216309e+01  3.446465e-03
 9.222412e+01  3.452390e-03
 9.228516e+01  3.453661e-03
 9.234619e+01  3.454418e-03
 9.240723e+01  3.447724e-03
 9.246826e+01  3.441376e-03
 9.252930e+01  3.428075e-03
 9.259033e+01  3.411516e-03
 9.265137e+01  3.393312e-03
 9.271240e+01  3.374925e-03
 9.277344e+01  3.348431e-03
 9.283447e+01  3.324367e-03
 9.289551e+01  3.295374e-03
 9.295654e+01  3.269102e-03
 9.301758e+01  3.241503e-03
 9.307861e+01  3.211594e-03
 9.313965e+01  3.178614e-03
 9.320068e+01  3.150109e-03
 9.326172e+01  3.115688e-03
 9.332275e+01  3.102156e-03
 9.338379e+01  3.073875e-03
 9.344482e+01  3.048986e-03
 9.350586e+01  3.033901e-03
 9.356689e+01  3.023327e-03
 9.362793e+01  3.012175e-03
 9.368896e+01  3.007817e-03
 9.375000e+01  3.001328e-03
 9.381104e+01  3.004427e-03
 9.387207e+01  3.003727e-03
 9.393311e+01  3.015934e-03
 9.399414e+01  3.025838e-03
 9.405518e+01  3.042686e-03
 9.411621e+01  3.058017e-03
 9.417725e+01  3.074870e-03
 9.423828e+01  3.093332e-03
 9.429932e+01  3.115945e-03
 9.436035e+01  3.131508e-03
 9.442139e+01  3.152579e-03
 9.448242e+01  3.171936e-03
 9.454346e+01  3.191277e-03
 9.460449e+01  3.204512e-03
 9.466553e+01  3.219658e-03
 9.472656e+01  3.227963e-03
 9.478760e+01  3.238394e-03
 9.484863e+01  3.239580e-03
 9.490967e+01  3.244832e-03
 9.497070e+01  3.242544e-03
 9.503174e+01  3.238991e-03
 9.509277e+01  3.230113e-03
 9.515381e+01  3.220679e-03
 9.521484e+01  3.204970e-03
 9.527588e+01  3.189078e-03
 9.533691e+01  3.167653e-03
 9.539795e+01  3.149338e-03
 9.545898e+01  3.121346e-03
 9.552002e+01  3.098682e-03
 9.558105e+01  3.070554e-03
 9.564209e+01  3.044712e-03
 9.570312e+01  3.015684e-03
 9.576416e+01  2.990897e-03
 9.582520e+01  2.962021e-03
 9.588623e+01  2.939701e-03
 9.594727e+01  2.913813e-03
 9.600830e+01  2.895861e-03
 9.606934e+01  2.874854e-03
 9.613037e+01  2.861051e-03
 9.619141e+01  2.846048e-03
 9.625244e+01  2.841226e-03
 9.631348e+01  2.834210e-03
 9.637451e+01  2.835297e-03
 9.643555e+01  2.834519e-03
 9.649658e+01  2.843796e-03
 9.655762e+01  2.849996e-03
 9.661865e+01  2.864293e-03
 9.667969e+01  2.873072e-03
 9.674072e+01  2.894272e-03
 9.680176e+01  2.908392e-03
 9.686279e+01  2.930610e-03
 9.692383e+01  2.946976e-03
 9.698486e+01  2.968006e-03
 9.704590e+01  2.985097e-03
 9.710693e+01  3.007164e-03
 9.716797e+01  3.018794e-03
 9.722900e+01  3.038231e-03
 9.729004e+01  3.048552e-03
 9.735107e+01  3.061922e-03
 9.741211e+01  3.062083e-03
 9.747314e+01  3.071147e-03
 9.753418e+01  3.070158e-03
 9.759521e+01  3.073061e-03
 9.765625e+01  3.063420e-03
 9.771729e+01  3.058258e-03
 9.777832e+01  3.045793e-03
 9.783936e+01  3.033358e-03
 9.790039e+01  3.015953e-03
 9.796143e+01  2.999958e-03
 9.802246e+01  2.976020e-03
 9.808350e+01  2.958673e-03
 9.814453e+01  2.929598e-03
 9.820557e+01  2.907224e-03
 9.826660e+01  2.879282e-03
 9.832764e+01  2.858581e-03
 9.838867e+01  2.829210e-03
 9.844971e+01  2.808626e-03
 9.851074e+01  2.782928e-03
 9.857178e+01  2.765649e-03
 9.863281e+01  2.743286e-03
 9.869385e+01  2.729073e-03
 9.875488e+01  2.712948e-03
 9.881592e+01  2.706307e-03
 9.887695e+01  2.694541e-03
 9.893799e+01  2.693361e-03
 9.899902e+01  2.692792e-03
 9.906006e+01  2.698392e-03
 9.912109e+01  2.700636e-03
 9.918213e+01  2.712485e-03
 9.924316e+01  2.723108e-03
 9.930420e+01  2.740489e-03
 9.936523e+01  2.754665e-03
 9.942627e+01  2.774172e-03
 9.948730e+01  2.791023e-03
 9.954834e+01  2.811681e-03
 9.960938e+01  2.827433e-03
 9.967041e+01  2.846983e-03
 9.973145e+01  2.863369e-03
 9.979248e+01  2.880492e-03
 9.985352e+01  2.892814e-03
 9.991455e+01  2.905750e-03
 9.997559e+01  2.914252e-03
 1.000366e+02  2.922504e-03
 1.000977e+02  2.923907e-03
 1.001587e+02  2.927306e-03
 1.002197e+02  2.923659e-03
 1.002808e+02  2.920671e-03
 1.003418e+02  2.911346e-03
 1.004028e+02  2.902143e-03
 1.004639e+02  2.888175e-03
 1.005249e+02  2.873597e-03
 1.005859e+02  2.853883e-03
 1.006470e+02  2.835359e-03
 1.007080e+02  2.812197e-03
 1.007690e+02  2.789632e-03
 1.008301e+02  2.766772e-03
 1.008911e+02  2.742195e-03
 1.009521e+02  2.718284e-03
 1.010132e+02  2.695226e-03
 1.010742e+02  2.672116e-03
 1.011353e+02  2.651712e-03
 1.011963e+02  2.630139e-03
 1.012573e+02  2.613889e-03
 1.013184e+02  2.599220e-03
 1.013794e+02  2.586826e-03
 1.014404e+02  2.577831e-03
 1.015015e+02  2.572924e-03
 1.015625e+02  2.570278e-03
 1.016235e+02  2.569786e-03
 1.016846e+02  2.574107e-03
 1.017456e+02  2.580267e-03
 1.018066e+02  2.591857e-03
 1.018677e+02  2.603475e-03
 1.019287e+02  2.619495e-03
 1.019897e+02  2.635600e-03
 1.020508e+02  2.652385e-03
 1.021118e+02  2.669747e-03
 1.021729e+02  2.688738e-03
 1.022339e+02  2.706573e-03
 1.022949e+02  2.724324e-03
 1.023560e+02  2.739989e-03
 1.024170e+02  2.756309e-03
 1.024780e+02  2.767831e-03
 1.025391e+02  2.780183e-03
 1.026001e+02  2.788812e-03
 1.026611e+02  2.795596e-03
 1.027222e+02  2.797579e-03
 1.027832e+02  2.800404e-03
 1.028442e+02  2.797798e-03
 1.029053e+02  2.793066e-03
 1.029663e+02  2.785204e-03
 1.030273e+02  2.775836e-03
 1.030884e+02  2.762585e-03
 1.031494e+02  2.747636e-03
 1.032104e+02  2.730319e-03
 1.032715e+02  2.712777e-03
 1.033325e+02  2.691624e-03
 1.033936e+02  2.671074e-03
 1.034546e+02  2.647200e-03
 1.035156e+02  2.625912e-03
 1.035767e+02  2.602325e-03
 1.036377e+02  2.583122e-03
 1.036987e+02  2.561507e-03
 1.037598e+02  2.542162e-03
 1.038208e+02  2.520899e-03
 1.038818e+02  2.506727e-03
 1.039429e+02  2.493129e-03
 1.040039e+02  2.484709e-03
 1.040649e+02  2.475382e-03
 1.041260e+02  2.472348e-03
 1.041870e+02  2.470016e-03
 1.042480e+02  2.473539e-03
 1.043091e+02  2.477043e-03
 1.043701e+02  2.487359e-03
 1.044312e+02  2.496390e-03
 1.044922e+02  2.511076e-03
 1.045532e+02  2.524716e-03
 1.046143e+02  2.542961e-03
 1.046753e+02  2.558024e-03
 1.047363e+02  2.578184e-03
 1.047974e+02  2.593235e-03
 1.048584e+02  2.613136e-03
 1.049194e+02  2.628190e-03
 1.049805e+02  2.645896e-03
 1.050415e+02  2.658314e-03
 1.051025e+02  2.673315e-03
 1.051636e+02  2.681481e-03
 1.052246e+02  2.691132e-03
 1.052856e+02  2.693530e-03
 1.053467e+02  2.699197e-03
 1.054077e+02  2.696931e-03
 1.054688e+02  2.697660e-03
 1.055298e+02  2.690061e-03
 1.055908e+02  2.684804e-03
 1.056519e+02  2.673336e-03
 1.057129e+02  2.663373e-03
 1.057739e+02  2.647038e-03
 1.058350e+02  2.632640e-03
 1.058960e+02  2.611973e-03
 1.059570e+02  2.594816e-03
 1.060181e+02  2.572065e-03
 1.060791e+02  2.552629e-03
 1.061401e+02  2.529820e-03
 1.062012e+02  2.510085e-03
 1.062622e+02  2.487542e-03
 1.063232e+02  2.470351e-03
 1.063843e+02  2.450355e-03
 1.064453e+02  2.436035e-03
 1.065063e+02  2.419209e-03
 1.065674e+02  2.409367e-03
 1.066284e+02  2.397614e-03
 1.066895e+02  2.393737e-03
 1.067505e+02  2.387620e-03
 1.068115e+02  2.390843e-03
 1.068726e+02  2.391007e-03
 1.069336e+02  2.399980e-03
 1.069946e+02  2.405825e-03
 1.070557e+02  2.419603e-03
 1.071167e+02  2.430837e-03
 1.071777e+02  2.448502e-03
 1.072388e+02  2.461949e-03
 1.072998e+02  2.481736e-03
 1.073608e+02  2.497409e-03
 1.074219e+02  2.517891e-03
 1.074829e+02  2.532281e-03
 1.075439e+02  2.550996e-03
 1.076050e+02  2.563501e-03
 1.076660e+02  2.578698e-03
 1.077271e+02  2.588296e-03
 1.077881e+02  2.600587e-03
 1.078491e+02  2.605871e-03
 1.079102e+02  2.612771e-03
 1.079712e+02  2.612847e-03
 1.080322e+02  2.615112e-03
 1.080933e+02  2.610520e-03
 1.081543e+02  2.607606e-03
 1.082153e+02  2.598593e-03
 1.082764e+02  2.590395e-03
 1.083374e+02  2.575669e-03
 1.083984e+02  2.564365e-03
 1.084595e+02  2.545740e-03
 1.085205e+02  2.530318e-03
 1.085815e+02  2.509347e-03
 1.086426e+02  2.491468e-03
 1.087036e+02  2.468993e-03
 1.087646e+02  2.450498e-03
 1.088257e+02  2.428631e-03
 1.088867e+02  2.411451e-03
 1.089478e+02  2.390699e-03
 1.090088e+02  2.375182e-03
 1.090698e+02  2.357907e-03
 1.091309e+02  2.346564e-03
 1.091919e+02  2.333457e-03
 1.092529e+02  2.328136e-03
 1.093140e+02  2.321216e-03
 1.093750e+02  2.321037e-03
 1.094360e+02  2.319536e-03
 1.094971e+02  2.325945e-03
 1.095581e+02  2.331063e-03
 1.096191e+02  2.342411e-03
 1.096802e+02  2.351557e-03
 1.097412e+02  2.367320e-03
 1.098022e+02  2.380560e-03
 1.098633e+02  2.399296e-03
 1.099243e+02  2.414223e-03
 1.099854e+02  2.434058e-03
 1.100464e+02  2.449270e-03
 1.101074e+02  2.466596e-03
 1.101685e+02  2.480200e-03
 1.102295e+02  2.497718e-03
 1.102905e+02  2.509339e-03
 1.103516e+02  2.523553e-03
 1.104126e+02  2.530786e-03
 1.104736e+02  2.539617e-03
 1.105347e+02  2.540697e-03
 1.105957e+02  2.544017e-03
 1.106567e+02  2.540865e-03
 1.107178e+02  2.540356e-03
 1.107788e+02  2.533365e-03
 1.108398e+02  2.528140e-03
 1.109009e+02  2.515895e-03
 1.109619e+02  2.505603e-03
 1.110229e+02  2.490191e-03
 1.110840e+02  2.476468e-03
 1.111450e+02  2.457486e-03
 1.112061e+02  2.441359e-03
 1.112671e+02  2.419614e-03
 1.113281e+02  2.401686e-03
 1.113892e+02  2.379708e-03
 1.114502e+02  2.362583e-03
 1.115112e+02  2.342620e-03
 1.115723e+02  2.327183e-03
 1.116333e+02  2.309311e-03
 1.116943e+02  2.297104e-03
 1.117554e+02  2.282924e-03
 1.118164e+02  2.275145e-03
 1.118774e+02  2.266790e-03
 1.119385e+02  2.264661e-03
 1.119995e+02  2.262077e-03
 1.120605e+02  2.264597e-03
 1.121216e+02  2.268613e-03
 1.121826e+02  2.278343e-03
 1.122437e+02  2.287299e-03
 1.123047e+02  2.301012e-03
 1.123657e+02  2.312851e-03
 1.124268e+02  2.329669e-03
 1.124878e+02  2.344654e-03
 1.125488e+02  2.363802e-03
 1.126099e+02  2.379523e-03
 1.126709e+02  2.398019e-03
 1.127319e+02  2.413005e-03
 1.127930e+02  2.430400e-03
 1.128540e+02  2.442093e-03
 1.129150e+02  2.456113e-03
 1.129761e+02  2.467157e-03
 1.130371e+02  2.475770e-03
 1.130981e+02  2.480375e-03
 1.131592e+02  2.485963e-03
 1.132202e+02  2.485496e-03
 1.132812e+02  2.486822e-03
 1.133423e+02  2.480589e-03
 1.134033e+02  2.477356e-03
 1.134644e+02  2.466997e-03
 1.135254e+02  2.459987e-03
 1.135864e+02  2.445964e-03
 1.136475e+02  2.434777e-03
 1.137085e+02  2.416596e-03
 1.137695e+02  2.402100e-03
 1.138306e+02  2.381198e-03
 1.138916e+02  2.365060e-03
 1.139526e+02  2.344163e-03
 1.140137e+02  2.327968e-03
 1.140747e+02  2.307129e-03
 1.141357e+02  2.292045e-03
 1.141968e+02  2.272400e-03
 1.142578e+02  2.259928e-03
 1.143188e+02  2.243641e-03
 1.143799e+02  2.235778e-03
 1.144409e+02  2.224515e-03
 1.145020e+02  2.222359e-03
 1.145630e+02  2.216205e-03
 1.146240e+02  2.219255e-03
 1.146851e+02  2.219461e-03
 1.147461e+02  2.228147e-03
 1.148071e+02  2.234464e-03
 1.148682e+02  2.247435e-03
 1.149292e+02  2.258786e-03
 1.149902e+02  2.275847e-03
 1.150513e+02  2.288390e-03
 1.151123e+02  2.307465e-03
 1.151733e+02  2.321250e-03
 1.152344e+02  2.341440e-03
 1.152954e+02  2.355665e-03
 1.153564e+02  2.375153e-03
 1.154175e+02  2.387917e-03
 1.154785e+02  2.404059e-03
 1.155396e+02  2.411920e-03
 1.156006e+02  2.422549e-03
 1.156616e+02  2.425765e-03
 1.157227e+02  2.432548e-03
 1.157837e+02  2.433415e-03
 1.158447e+02  2.438580e-03
 1.159058e+02  2.437666e-03
 1.159668e+02  2.437635e-03
 1.160278e+02  2.431281e-03
 1.160889e+02  2.426717e-03
 1.161499e+02  2.413675e-03
 1.162109e+02  2.403373e-03
 1.162720e+02  2.386149e-03
 1.163330e+02  2.373128e-03
 1.163940e+02  2.354691e-03
 1.164551e+02  2.340817e-03
 1.165161e+02  2.319894e-03
 1.165771e+02  2.303662e-03
 1.166382e+02  2.283163e-03
 1.166992e+02  2.267376e-03
 1.167603e+02  2.248150e-03
 1.168213e+02  2.233782e-03
 1.168823e+02  2.218872e-03
 1.169434e+02  2.208601e-03
 1.170044e+02  2.195845e-03
 1.170654e+02  2.190497e-03
 1.171265e+02  2.182836e-03
 1.171875e+02  2.183423e-03
 1.172485e+02  2.182017e-03
 1.173096e+02  2.189012e-03
 1.173706e+02  2.193541e-03
 1.174316e+02  2.204121e-03
 1.174927e+02  2.216319e-03
 1.175537e+02  2.231760e-03
 1.176147e+02  2.241718e-03
 1.176758e+02  2.260663e-03
 1.177368e+02  2.274821e-03
 1.177979e+02  2.294083e-03
 1.178589e+02  2.312575e-03
 1.179199e+02  2.325678e-03
 1.179810e+02  2.341418e-03
 1.180420e+02  2.357843e-03
 1.181030e+02  2.367445e-03
 1.181641e+02  2.382012e-03
 1.182251e+02  2.389908e-03
 1.182861e+02  2.400299e-03
 1.183472e+02  2.403385e-03
 1.184082e+02  2.407466e-03
 1.184692e+02  2.406911e-03
 1.185303e+02  2.407845e-03
 1.185913e+02  2.402232e-03
 1.186523e+02  2.398124e-03
 1.187134e+02  2.385771e-03
 1.187744e+02  2.382380e-03
 1.188354e+02  2.361087e-03
 1.188965e+02  2.354259e-03
 1.189575e+02  2.339607e-03
 1.190186e+02  2.325785e-03
 1.190796e+02  2.303195e-03
 1.191406e+02  2.289820e-03
 1.192017e+02  2.268426e-03
 1.192627e+02  2.253831e-03
 1.193237e+02  2.233989e-03
 1.193848e+02  2.218869e-03
 1.194458e+02  2.202614e-03
 1.195068e+02  2.191304e-03
 1.195679e+02  2.178267e-03
 1.196289e+02  2.170815e-03
 1.196899e+02  2.161591e-03
 1.197510e+02  2.159665e-03
 1.198120e+02  2.155192e-03
 1.198730e+02  2.163095e-03
 1.199341e+02  2.164403e-03
 1.199951e+02  2.174287e-03
 1.200562e+02  2.182392e-03
 1.201172e+02  2.196777e-03
 1.201782e+02  2.208657e-03
 1.202393e+02  2.225289e-03
 1.203003e+02  2.239140e-03
 1.203613e+02  2.258220e-03
 1.204224e+02  2.273248e-03
 1.204834e+02  2.292400e-03
 1.205444e+02  2.306508e-03
 1.206055e+02  2.324084e-03
 1.206665e+02  2.336155e-03
 1.207275e+02  2.351686e-03
 1.207886e+02  2.359760e-03
 1.208496e+02  2.371640e-03
 1.209106e+02  2.377365e-03
 1.209717e+02  2.384665e-03
 1.210327e+02  2.384759e-03
 1.210938e+02  2.387668e-03
 1.211548e+02  2.383437e-03
 1.212158e+02  2.382068e-03
 1.212769e+02  2.373948e-03
 1.213379e+02  2.367724e-03
 1.213989e+02  2.355452e-03
 1.214600e+02  2.345414e-03
 1.215210e+02  2.329907e-03
 1.215820e+02  2.316730e-03
 1.216431e+02  2.298450e-03
 1.217041e+02  2.283450e-03
 1.217651e+02  2.263160e-03
 1.218262e+02  2.249460e-03
 1.218872e+02  2.229162e-03
 1.219482e+02  2.214676e-03
 1.220093e+02  2.196429e-03
 1.220703e+02  2.182777e-03
 1.221313e+02  2.170864e-03
 1.221924e+02  2.161785e-03
 1.222534e+02  2.148912e-03
 1.223145e+02  2.147291e-03
 1.223755e+02  2.142796e-03
 1.224365e+02  2.145774e-03
 1.224976e+02  2.147416e-03
 1.225586e+02  2.154913e-03
 1.226196e+02  2.161206e-03
 1.226807e+02  2.173892e-03
 1.227417e+02  2.184229e-03
 1.228027e+02  2.200669e-03
 1.228638e+02  2.214962e-03
 1.229248e+02  2.233869e-03
 1.229858e+02  2.248697e-03
 1.230469e+02  2.268167e-03
 1.231079e+02  2.281472e-03
 1.231689e+02  2.299807e-03
 1.232300e+02  2.313038e-03
 1.232910e+02  2.329484e-03
 1.233521e+02  2.340450e-03
 1.234131e+02  2.353354e-03
 1.234741e+02  2.360373e-03
 1.235352e+02  2.368887e-03
 1.235962e+02  2.371515e-03
 1.236572e+02  2.375368e-03
 1.237183e+02  2.374359e-03
 1.237793e+02  2.375099e-03
 1.238403e+02  2.368688e-03
 1.239014e+02  2.364763e-03
 1.239624e+02  2.354303e-03
 1.240234e+02  2.346423e-03
 1.240845e+02  2.331945e-03
 1.241455e+02  2.320131e-03
 1.242065e+02  2.303415e-03
 1.242676e+02  2.289645e-03
 1.243286e+02  2.270755e-03
 1.243896e+02  2.255834e-03
 1.244507e+02  2.237141e-03
 1.245117e+02  2.222268e-03
 1.245728e+02  2.204369e-03
 1.246338e+02  2.191745e-03
 1.246948e+02  2.175956e-03
 1.247559e+02  2.166661e-03
 1.248169e+02  2.155436e-03
 1.248779e+02  2.150342e-03
 1.249390e+02  2.143718e-03
 1.250000e+02  2.092229e-03
